DATE                      TIME                      FRAC_DAYS_SINCE_JAN1      FRAC_HRS_SINCE_JAN1       JULIAN_DAYS               EPOCH_TIME                ALARM_STATUS              INST_STATUS               species                   MPVPosition               solenoid_valves           CH4                       CH4_dry                   CO2                       CO2_dry                   H2O                       h2o_reported              
2018-08-28                21:48:28.214              239.57532656              5749.807837               240.57532656              1535492908.215            0                         963                       1.0000000000E+000         1.2000000000E+001         0.0000000000E+000         1.9353458733E+000         1.9751676400E+000         6.3674790769E+002         5.0209273937E+002         1.6138788116E+000         1.9904762081E+000         
2018-08-28                21:48:31.611              239.57536588              5749.808781               240.57536588              1535492911.612            0                         963                       3.0000000000E+000         1.2000000000E+001         0.0000000000E+000         1.9353458733E+000         1.9794414612E+000         6.3674790769E+002         6.5448840110E+002         1.8960837527E+000         2.3201445063E+000         
2018-08-28                21:48:34.869              239.57540359              5749.809686               240.57540359              1535492914.870            0                         963                       2.0000000000E+000         1.2000000000E+001         0.0000000000E+000         1.9306333739E+000         1.9794414612E+000         6.3674790769E+002         6.5448840110E+002         1.8960837527E+000         2.3201445063E+000         
2018-08-28                21:48:53.756              239.57562218              5749.814932               240.57562218              1535492933.756            0                         963                       1.0000000000E+000         1.2000000000E+001         0.0000000000E+000         1.9306333739E+000         1.9794414612E+000         7.6913545104E+002         6.5448840110E+002         1.8960837527E+000         2.3201445063E+000         
2018-08-28                21:48:57.223              239.57566231              5749.815896               240.57566231              1535492937.224            0                         963                       3.0000000000E+000         1.2000000000E+001         0.0000000000E+000         1.9306333739E+000         1.9783260217E+000         7.6913545104E+002         7.9237116427E+002         1.9017004974E+000         2.3266560694E+000         
2018-08-28                21:49:00.497              239.57570021              5749.816805               240.57570021              1535492940.498            0                         963                       2.0000000000E+000         1.2000000000E+001         0.0000000000E+000         1.9304048184E+000         1.9783260217E+000         7.6913545104E+002         7.9237116427E+002         1.9017004974E+000         2.3266560694E+000         
2018-08-28                21:49:19.423              239.57591925              5749.822062               240.57591925              1535492959.423            0                         963                       1.0000000000E+000         1.2000000000E+001         0.0000000000E+000         1.9304048184E+000         1.9783260217E+000         7.1992856575E+002         7.9237116427E+002         1.9017004974E+000         2.3266560694E+000         
2018-08-28                21:49:22.892              239.57595941              5749.823026               240.57595941              1535492962.893            0                         963                       3.0000000000E+000         1.2000000000E+001         0.0000000000E+000         1.9304048184E+000         1.9778380022E+000         7.1992856575E+002         7.4156182931E+002         1.8763284274E+000         2.2972266661E+000         
2018-08-28                21:49:26.434              239.57600039              5749.824009               240.57600039              1535492966.434            0                         963                       2.0000000000E+000         1.2000000000E+001         0.0000000000E+000         1.9309342107E+000         1.9778380022E+000         7.1992856575E+002         7.4156182931E+002         1.8763284274E+000         2.2972266661E+000         
2018-08-28                21:49:46.040              239.57622733              5749.829456               240.57622733              1535492986.041            0                         963                       1.0000000000E+000         1.2000000000E+001         0.0000000000E+000         1.9309342107E+000         1.9778380022E+000         6.7503246770E+002         7.4156182931E+002         1.8763284274E+000         2.2972266661E+000         
2018-08-28                21:49:49.414              239.57626638              5749.830393               240.57626638              1535492989.415            0                         963                       3.0000000000E+000         1.2000000000E+001         0.0000000000E+000         1.9309342107E+000         1.9779005448E+000         6.7503246770E+002         6.9511124817E+002         1.8643274381E+000         2.2832928968E+000         
2018-08-28                21:49:52.713              239.57630456              5749.831309               240.57630456              1535492992.714            0                         963                       2.0000000000E+000         1.2000000000E+001         0.0000000000E+000         1.9311364557E+000         1.9779005448E+000         6.7503246770E+002         6.9511124817E+002         1.8643274381E+000         2.2832928968E+000         
2018-08-28                21:50:11.611              239.57652329              5749.836559               240.57652329              1535493011.612            0                         963                       1.0000000000E+000         1.2000000000E+001         0.0000000000E+000         1.9311364557E+000         1.9779005448E+000         6.3910854010E+002         6.9511124817E+002         1.8643274381E+000         2.2832928968E+000         
2018-08-28                21:50:15.076              239.57656339              5749.837521               240.57656339              1535493015.077            0                         963                       3.0000000000E+000         1.2000000000E+001         0.0000000000E+000         1.9311364557E+000         1.9777462038E+000         6.3910854010E+002         6.5797228654E+002         1.8481712910E+000         2.2645208790E+000         
2018-08-28                21:50:18.608              239.57660426              5749.838502               240.57660426              1535493018.608            0                         963                       2.0000000000E+000         1.2000000000E+001         0.0000000000E+000         1.9308661531E+000         1.9777462038E+000         6.3910854010E+002         6.5797228654E+002         1.8481712910E+000         2.2645208790E+000         
2018-08-28                21:50:38.252              239.57683162              5749.843959               240.57683162              1535493038.252            0                         963                       1.0000000000E+000         1.2000000000E+001         0.0000000000E+000         1.9308661531E+000         1.9777462038E+000         6.1057013779E+002         6.5797228654E+002         1.8481712910E+000         2.2645208790E+000         
2018-08-28                21:50:41.562              239.57686993              5749.844878               240.57686993              1535493041.562            0                         963                       3.0000000000E+000         1.2000000000E+001         0.0000000000E+000         1.9308661531E+000         1.9771181302E+000         6.1057013779E+002         6.2845556881E+002         1.8369529633E+000         2.2514767721E+000         
2018-08-28                21:50:43.138              239.57688817              5749.845316               240.57688817              1535493043.138            0                         963                       2.0000000000E+000         1.2000000000E+001         0.0000000000E+000         1.9305141367E+000         1.9771181302E+000         6.1057013779E+002         6.2845556881E+002         1.8369529633E+000         2.2514767721E+000         
2018-08-28                21:50:44.101              239.57689932              5749.845584               240.57689932              1535493044.101            0                         963                       1.0000000000E+000         1.2000000000E+001         0.0000000000E+000         1.9305141367E+000         1.9771181302E+000         5.9569072952E+002         6.2845556881E+002         1.8369529633E+000         2.2514767721E+000         
2018-08-28                21:50:47.694              239.57694090              5749.846582               240.57694090              1535493047.694            0                         963                       3.0000000000E+000         1.2000000000E+001         0.0000000000E+000         1.9305141367E+000         1.9766442556E+000         5.9569072952E+002         6.1309744855E+002         1.8393268564E+000         2.2542376590E+000         
2018-08-28                21:50:49.299              239.57695949              5749.847028               240.57695949              1535493049.300            0                         963                       2.0000000000E+000         1.2000000000E+001         0.0000000000E+000         1.9306949384E+000         1.9766442556E+000         5.9569072952E+002         6.1309744855E+002         1.8393268564E+000         2.2542376590E+000         
2018-08-28                21:50:50.267              239.57697069              5749.847297               240.57697069              1535493050.268            0                         963                       1.0000000000E+000         1.2000000000E+001         0.0000000000E+000         1.9306949384E+000         1.9766442556E+000         5.9068816854E+002         6.1309744855E+002         1.8393268564E+000         2.2542376590E+000         
2018-08-28                21:50:53.826              239.57701189              5749.848285               240.57701189              1535493053.827            0                         963                       3.0000000000E+000         1.2000000000E+001         0.0000000000E+000         1.9306949384E+000         1.9767542007E+000         5.9068816854E+002         6.0792054877E+002         1.8310929130E+000         2.2446599319E+000         
2018-08-28                21:50:57.141              239.57705024              5749.849206               240.57705024              1535493057.141            0                         963                       2.0000000000E+000         1.2036036036E+001         0.0000000000E+000         1.9307738367E+000         1.9767542007E+000         5.9068816854E+002         6.0792054877E+002         1.8310929130E+000         2.2446599319E+000         
2018-08-28                21:51:16.007              239.57726861              5749.854447               240.57726861              1535493076.008            0                         963                       1.0000000000E+000         1.6000000000E+001         0.0000000000E+000         1.9307738367E+000         1.9767542007E+000         5.7940215476E+002         6.0792054877E+002         1.8310929130E+000         2.2446599319E+000         
2018-08-28                21:51:19.437              239.57730830              5749.855399               240.57730830              1535493079.437            0                         963                       3.0000000000E+000         1.6000000000E+001         0.0000000000E+000         1.9307738367E+000         1.9760955185E+000         5.7940215476E+002         5.9603361727E+002         1.7816890550E+000         2.1871057320E+000         
2018-08-28                21:51:22.700              239.57734606              5749.856306               240.57734606              1535493082.700            0                         963                       2.0000000000E+000         1.6000000000E+001         0.0000000000E+000         1.9336724540E+000         1.9760955185E+000         5.7940215476E+002         5.9603361727E+002         1.7816890550E+000         2.1871057320E+000         
2018-08-28                21:51:41.595              239.57756476              5749.861554               240.57756476              1535493101.595            0                         963                       1.0000000000E+000         1.6000000000E+001         0.0000000000E+000         1.9336724540E+000         1.9760955185E+000         5.0182157843E+002         5.9603361727E+002         1.7816890550E+000         2.1871057320E+000         
2018-08-28                21:51:44.976              239.57760389              5749.862493               240.57760389              1535493104.976            0                         963                       3.0000000000E+000         1.6000000000E+001         0.0000000000E+000         1.9336724540E+000         1.9762205270E+000         5.0182157843E+002         5.1532339763E+002         1.6097986694E+000         1.9856732555E+000         
2018-08-28                21:51:46.569              239.57762233              5749.862936               240.57762233              1535493106.569            0                         963                       2.0000000000E+000         1.6000000000E+001         0.0000000000E+000         1.9349319171E+000         1.9762205270E+000         5.0182157843E+002         5.1532339763E+002         1.6097986694E+000         1.9856732555E+000         
2018-08-28                21:51:47.505              239.57763316              5749.863196               240.57763316              1535493107.505            0                         963                       1.0000000000E+000         1.6000000000E+001         0.0000000000E+000         1.9349319171E+000         1.9762205270E+000         4.8940871517E+002         5.1532339763E+002         1.6097986694E+000         1.9856732555E+000         
2018-08-28                21:51:50.046              239.57766257              5749.863902               240.57766257              1535493110.046            0                         963                       3.0000000000E+000         1.6000000000E+001         0.0000000000E+000         1.9349319171E+000         1.9753297806E+000         4.8940871517E+002         5.0190233915E+002         1.6111161700E+000         1.9872242713E+000         
2018-08-28                21:51:53.576              239.57770344              5749.864882               240.57770344              1535493113.577            0                         963                       2.0000000000E+000         1.6000000000E+001         0.0000000000E+000         1.9348026008E+000         1.9753297806E+000         4.8940871517E+002         5.0190233915E+002         1.6111161700E+000         1.9872242713E+000         
2018-08-28                21:52:13.187              239.57793042              5749.870330               240.57793042              1535493133.188            0                         963                       1.0000000000E+000         1.6000000000E+001         0.0000000000E+000         1.9348026008E+000         1.9753297806E+000         4.8947670985E+002         5.0190233915E+002         1.6111161700E+000         1.9872242713E+000         
2018-08-28                21:52:16.621              239.57797016              5749.871284               240.57797016              1535493136.622            0                         963                       3.0000000000E+000         1.3107142857E+001         0.0000000000E+000         1.9348026008E+000         1.9752316520E+000         4.8947670985E+002         5.0198256163E+002         1.6124494164E+000         1.9887937113E+000         
2018-08-28                21:52:18.177              239.57798817              5749.871716               240.57798817              1535493138.178            0                         963                       2.0000000000E+000         1.3000000000E+001         0.0000000000E+000         1.9329223047E+000         1.9752316520E+000         4.8947670985E+002         5.0198256163E+002         1.6124494164E+000         1.9887937113E+000         
2018-08-28                21:52:19.118              239.57799905              5749.871977               240.57799905              1535493139.118            0                         963                       1.0000000000E+000         1.3000000000E+001         0.0000000000E+000         1.9329223047E+000         1.9752316520E+000         5.3806756353E+002         5.0198256163E+002         1.6124494164E+000         1.9887937113E+000         
2018-08-28                21:52:22.663              239.57804008              5749.872962               240.57804008              1535493142.663            0                         963                       3.0000000000E+000         1.3000000000E+001         0.0000000000E+000         1.9329223047E+000         1.9781718723E+000         5.3806756353E+002         5.5347077443E+002         1.9926630649E+000         2.4318446020E+000         
2018-08-28                21:52:26.180              239.57808079              5749.873939               240.57808079              1535493146.180            0                         963                       2.0000000000E+000         1.3000000000E+001         0.0000000000E+000         1.9158509208E+000         1.9781718723E+000         5.3806756353E+002         5.5347077443E+002         1.9926630649E+000         2.4318446020E+000         
2018-08-28                21:52:45.858              239.57830855              5749.879405               240.57830855              1535493165.859            0                         963                       1.0000000000E+000         1.3000000000E+001         0.0000000000E+000         1.9158509208E+000         1.9781718723E+000         8.4271909170E+002         5.5347077443E+002         1.9926630649E+000         2.4318446020E+000         
2018-08-28                21:52:49.328              239.57834872              5749.880369               240.57834872              1535493169.329            0                         963                       3.0000000000E+000         1.3000000000E+001         0.0000000000E+000         1.9158509208E+000         1.9664640928E+000         8.4271909170E+002         8.6994758680E+002         2.0625311748E+000         2.5123029384E+000         
2018-08-28                21:52:50.933              239.57836728              5749.880815               240.57836728              1535493170.933            0                         963                       2.0000000000E+000         1.3000000000E+001         0.0000000000E+000         1.9159384497E+000         1.9664640928E+000         8.4271909170E+002         8.6994758680E+002         2.0625311748E+000         2.5123029384E+000         
2018-08-28                21:52:51.882              239.57837828              5749.881079               240.57837828              1535493171.883            0                         963                       1.0000000000E+000         1.3000000000E+001         0.0000000000E+000         1.9159384497E+000         1.9664640928E+000         8.1044374693E+002         8.6994758680E+002         2.0625311748E+000         2.5123029384E+000         
2018-08-28                21:52:55.424              239.57841927              5749.882062               240.57841927              1535493175.425            0                         963                       3.0000000000E+000         1.3000000000E+001         0.0000000000E+000         1.9159384497E+000         1.9674738333E+000         8.1044374693E+002         8.3710598201E+002         2.0645020306E+000         2.5145683190E+000         
2018-08-28                21:52:58.920              239.57845972              5749.883033               240.57845972              1535493178.920            0                         963                       2.0000000000E+000         1.3000000000E+001         0.0000000000E+000         1.9158691474E+000         1.9674738333E+000         8.1044374693E+002         8.3710598201E+002         2.0645020306E+000         2.5145683190E+000         
2018-08-28                21:53:18.585              239.57868733              5749.888496               240.57868733              1535493198.585            0                         963                       1.0000000000E+000         1.3000000000E+001         0.0000000000E+000         1.9158691474E+000         1.9674738333E+000         7.5582077881E+002         8.3710598201E+002         2.0645020306E+000         2.5145683190E+000         
2018-08-28                21:53:22.022              239.57872711              5749.889451               240.57872711              1535493202.022            0                         963                       3.0000000000E+000         1.3000000000E+001         0.0000000000E+000         1.9158691474E+000         1.9674473388E+000         7.5582077881E+002         7.8070759481E+002         2.0660213709E+000         2.5163145527E+000         
2018-08-28                21:53:25.322              239.57876531              5749.890367               240.57876531              1535493205.323            0                         963                       2.0000000000E+000         1.3000000000E+001         0.0000000000E+000         1.9183143046E+000         1.9674473388E+000         7.5582077881E+002         7.8070759481E+002         2.0660213709E+000         2.5163145527E+000         
2018-08-28                21:53:44.210              239.57898391              5749.895614               240.57898391              1535493224.210            0                         963                       1.0000000000E+000         1.3000000000E+001         0.0000000000E+000         1.9183143046E+000         1.9674473388E+000         6.8411495990E+002         7.8070759481E+002         2.0660213709E+000         2.5163145527E+000         
2018-08-28                21:53:47.664              239.57902390              5749.896574               240.57902390              1535493227.665            0                         963                       3.0000000000E+000         1.3000000000E+001         0.0000000000E+000         1.9183143046E+000         1.9699335580E+000         6.8411495990E+002         7.0662991024E+002         2.0625697124E+000         2.5123472372E+000         
2018-08-28                21:53:51.121              239.57906390              5749.897534               240.57906390              1535493231.121            0                         963                       2.0000000000E+000         1.3000000000E+001         0.0000000000E+000         1.9197777459E+000         1.9699335580E+000         6.8411495990E+002         7.0662991024E+002         2.0625697124E+000         2.5123472372E+000         
2018-08-28                21:54:10.842              239.57929215              5749.903012               240.57929215              1535493250.842            0                         963                       1.0000000000E+000         1.3000000000E+001         0.0000000000E+000         1.9197777459E+000         1.9699335580E+000         6.3297888066E+002         7.0662991024E+002         2.0625697124E+000         2.5123472372E+000         
2018-08-28                21:54:14.276              239.57933190              5749.903966               240.57933190              1535493254.276            0                         963                       3.0000000000E+000         1.3000000000E+001         0.0000000000E+000         1.9197777459E+000         1.9713470682E+000         6.3297888066E+002         6.5377482260E+002         2.0590574779E+000         2.5083095719E+000         
2018-08-28                21:54:17.786              239.57937253              5749.904941               240.57937253              1535493257.787            0                         963                       2.0000000000E+000         1.3000000000E+001         0.0000000000E+000         1.9213880460E+000         1.9713470682E+000         6.3297888066E+002         6.5377482260E+002         2.0590574779E+000         2.5083095719E+000         
2018-08-28                21:54:37.420              239.57959977              5749.910394               240.57959977              1535493277.420            0                         963                       1.0000000000E+000         1.3000000000E+001         0.0000000000E+000         1.9213880460E+000         1.9713470682E+000         5.9651483723E+002         6.5377482260E+002         2.0590574779E+000         2.5083095719E+000         
2018-08-28                21:54:40.816              239.57963909              5749.911338               240.57963909              1535493280.817            0                         963                       3.0000000000E+000         1.3000000000E+001         0.0000000000E+000         1.9213880460E+000         1.9729204808E+000         5.9651483723E+002         6.1608231253E+002         2.0563252432E+000         2.5051680891E+000         
2018-08-28                21:54:42.410              239.57965752              5749.911781               240.57965752              1535493282.410            0                         963                       2.0000000000E+000         1.3000000000E+001         0.0000000000E+000         1.9221897307E+000         1.9729204808E+000         5.9651483723E+002         6.1608231253E+002         2.0563252432E+000         2.5051680891E+000         
2018-08-28                21:54:43.358              239.57966851              5749.912044               240.57966851              1535493283.359            0                         963                       1.0000000000E+000         1.3000000000E+001         0.0000000000E+000         1.9221897307E+000         1.9729204808E+000         5.7907632456E+002         6.1608231253E+002         2.0563252432E+000         2.5051680891E+000         
2018-08-28                21:54:46.907              239.57970957              5749.913030               240.57970957              1535493286.907            0                         963                       3.0000000000E+000         1.3000000000E+001         0.0000000000E+000         1.9221897307E+000         1.9737353505E+000         5.7907632456E+002         5.9806869585E+002         2.0584097050E+000         2.5075648122E+000         
2018-08-28                21:54:48.490              239.57972791              5749.913470               240.57972791              1535493288.491            0                         963                       2.0000000000E+000         1.3000000000E+001         0.0000000000E+000         1.9222038380E+000         1.9737353505E+000         5.7907632456E+002         5.9806869585E+002         2.0584097050E+000         2.5075648122E+000         
2018-08-28                21:54:49.446              239.57973896              5749.913735               240.57973896              1535493289.446            0                         963                       1.0000000000E+000         1.3000000000E+001         0.0000000000E+000         1.9222038380E+000         1.9737353505E+000         5.7375013745E+002         5.9806869585E+002         2.0584097050E+000         2.5075648122E+000         
2018-08-28                21:54:52.966              239.57977970              5749.914713               240.57977970              1535493292.966            0                         963                       3.0000000000E+000         1.3000000000E+001         0.0000000000E+000         1.9222038380E+000         1.9737635838E+000         5.7375013745E+002         5.9257284783E+002         2.0573959393E+000         2.5063992122E+000         
2018-08-28                21:54:56.236              239.57981756              5749.915621               240.57981756              1535493296.237            0                         963                       2.0000000000E+000         1.3026548673E+001         0.0000000000E+000         1.9224387662E+000         1.9737635838E+000         5.7375013745E+002         5.9257284783E+002         2.0573959393E+000         2.5063992122E+000         
2018-08-28                21:55:15.144              239.58003640              5749.920874               240.58003640              1535493315.145            0                         963                       1.0000000000E+000         1.6000000000E+001         0.0000000000E+000         1.9224387662E+000         1.9737635838E+000         5.6206740530E+002         5.9257284783E+002         2.0573959393E+000         2.5063992122E+000         
2018-08-28                21:55:17.674              239.58006567              5749.921576               240.58006567              1535493317.674            0                         963                       3.0000000000E+000         1.6000000000E+001         0.0000000000E+000         1.9224387662E+000         1.9738642463E+000         5.6206740530E+002         5.8045651174E+002         2.0474635363E+000         2.4949759845E+000         
2018-08-28                21:55:20.940              239.58010347              5749.922483               240.58010347              1535493320.940            0                         963                       2.0000000000E+000         1.6000000000E+001         0.0000000000E+000         1.9276487982E+000         1.9738642463E+000         5.6206740530E+002         5.8045651174E+002         2.0474635363E+000         2.4949759845E+000         
2018-08-28                21:55:39.882              239.58032272              5749.927745               240.58032272              1535493339.883            0                         963                       1.0000000000E+000         1.6000000000E+001         0.0000000000E+000         1.9276487982E+000         1.9738642463E+000         5.2405344614E+002         5.8045651174E+002         2.0474635363E+000         2.4949759845E+000         
2018-08-28                21:55:43.401              239.58036344              5749.928723               240.58036344              1535493343.401            0                         963                       3.0000000000E+000         1.6000000000E+001         0.0000000000E+000         1.9276487982E+000         1.9735333493E+000         5.2405344614E+002         5.3930790233E+002         1.6174266251E+000         1.9946516680E+000         
2018-08-28                21:55:46.707              239.58040171              5749.929641               240.58040171              1535493346.708            0                         963                       2.0000000000E+000         1.6000000000E+001         0.0000000000E+000         1.9349587357E+000         1.9735333493E+000         5.2405344614E+002         5.3930790233E+002         1.6174266251E+000         1.9946516680E+000         
2018-08-28                21:56:05.588              239.58062023              5749.934886               240.58062023              1535493365.588            0                         963                       1.0000000000E+000         1.6000000000E+001         0.0000000000E+000         1.9349587357E+000         1.9735333493E+000         4.8964368305E+002         5.3930790233E+002         1.6174266251E+000         1.9946516680E+000         
2018-08-28                21:56:09.042              239.58066022              5749.935845               240.58066022              1535493369.043            0                         963                       3.0000000000E+000         1.6000000000E+001         0.0000000000E+000         1.9349587357E+000         1.9755433328E+000         4.8964368305E+002         5.0220096245E+002         1.6180488403E+000         1.9953838773E+000         
2018-08-28                21:56:12.303              239.58069796              5749.936751               240.58069796              1535493372.304            0                         963                       2.0000000000E+000         1.5696428571E+001         0.0000000000E+000         1.9345550511E+000         1.9755433328E+000         4.8964368305E+002         5.0220096245E+002         1.6180488403E+000         1.9953838773E+000         
2018-08-28                21:56:31.188              239.58091654              5749.941997               240.58091654              1535493391.189            0                         963                       1.0000000000E+000         1.4000000000E+001         0.0000000000E+000         1.9345550511E+000         1.9755433328E+000         7.6431516419E+002         5.0220096245E+002         1.6180488403E+000         1.9953838773E+000         
2018-08-28                21:56:34.658              239.58095670              5749.942961               240.58095670              1535493394.659            0                         963                       3.0000000000E+000         1.4000000000E+001         0.0000000000E+000         1.9345550511E+000         1.9802792228E+000         7.6431516419E+002         7.8640621178E+002         2.0212731831E+000         2.4648264356E+000         
2018-08-28                21:56:38.421              239.58100024              5749.944006               240.58100024              1535493398.421            0                         963                       2.0000000000E+000         1.4000000000E+001         0.0000000000E+000         1.8807332043E+000         1.9802792228E+000         7.6431516419E+002         7.8640621178E+002         2.0212731831E+000         2.4648264356E+000         
2018-08-28                21:56:58.890              239.58123715              5749.949692               240.58123715              1535493418.890            0                         963                       1.0000000000E+000         1.4000000000E+001         0.0000000000E+000         1.8807332043E+000         1.9802792228E+000         9.4073825426E+002         7.8640621178E+002         2.0212731831E+000         2.4648264356E+000         
2018-08-28                21:57:02.328              239.58127694              5749.950647               240.58127694              1535493422.328            0                         963                       3.0000000000E+000         1.4000000000E+001         0.0000000000E+000         1.8807332043E+000         1.9299660545E+000         9.4073825426E+002         9.7085653712E+002         1.9978043532E+000         2.4377751003E+000         
2018-08-28                21:57:03.933              239.58129552              5749.951093               240.58129552              1535493423.933            0                         963                       2.0000000000E+000         1.4000000000E+001         0.0000000000E+000         1.8932717498E+000         1.9299660545E+000         9.4073825426E+002         9.7085653712E+002         1.9978043532E+000         2.4377751003E+000         
2018-08-28                21:57:04.888              239.58130659              5749.951358               240.58130659              1535493424.889            0                         963                       1.0000000000E+000         1.4000000000E+001         0.0000000000E+000         1.8932717498E+000         1.9299660545E+000         8.5873331450E+002         9.7085653712E+002         1.9978043532E+000         2.4377751003E+000         
2018-08-28                21:57:08.440              239.58134770              5749.952345               240.58134770              1535493428.441            0                         963                       3.0000000000E+000         1.4000000000E+001         0.0000000000E+000         1.8932717498E+000         1.9425178981E+000         8.5873331450E+002         8.8605123056E+002         1.9963298896E+000         2.4360744619E+000         
2018-08-28                21:57:11.742              239.58138590              5749.953262               240.58138590              1535493431.742            0                         963                       2.0000000000E+000         1.4000000000E+001         0.0000000000E+000         1.8955440680E+000         1.9425178981E+000         8.5873331450E+002         8.8605123056E+002         1.9963298896E+000         2.4360744619E+000         
2018-08-28                21:57:30.611              239.58160431              5749.958503               240.58160431              1535493450.612            0                         963                       1.0000000000E+000         1.4000000000E+001         0.0000000000E+000         1.8955440680E+000         1.9425178981E+000         8.0488912217E+002         8.8605123056E+002         1.9963298896E+000         2.4360744619E+000         
2018-08-28                21:57:34.187              239.58164568              5749.959496               240.58164568              1535493454.187            0                         963                       3.0000000000E+000         1.4000000000E+001         0.0000000000E+000         1.8955440680E+000         1.9447568095E+000         8.0488912217E+002         8.3044604705E+002         1.9904869549E+000         2.4293339731E+000         
2018-08-28                21:57:37.503              239.58168407              5749.960418               240.58168407              1535493457.504            0                         963                       2.0000000000E+000         1.4000000000E+001         0.0000000000E+000         1.9027433653E+000         1.9447568095E+000         8.0488912217E+002         8.3044604705E+002         1.9904869549E+000         2.4293339731E+000         
2018-08-28                21:57:56.369              239.58190243              5749.965658               240.58190243              1535493476.370            0                         963                       1.0000000000E+000         1.4000000000E+001         0.0000000000E+000         1.9027433653E+000         1.9447568095E+000         7.3426378879E+002         8.3044604705E+002         1.9904869549E+000         2.4293339731E+000         
2018-08-28                21:57:59.836              239.58194256              5749.966621               240.58194256              1535493479.837            0                         963                       3.0000000000E+000         1.4000000000E+001         0.0000000000E+000         1.9027433653E+000         1.9519716515E+000         7.3426378879E+002         7.5749722755E+002         1.9828245862E+000         2.4204914621E+000         
2018-08-28                21:58:03.094              239.58198025              5749.967526               240.58198025              1535493483.094            0                         963                       2.0000000000E+000         1.4000000000E+001         0.0000000000E+000         1.9080836771E+000         1.9519716515E+000         7.3426378879E+002         7.5749722755E+002         1.9828245862E+000         2.4204914621E+000         
2018-08-28                21:58:22.028              239.58219940              5749.972786               240.58219940              1535493502.028            0                         963                       1.0000000000E+000         1.4000000000E+001         0.0000000000E+000         1.9080836771E+000         1.9519716515E+000         6.8315679460E+002         7.5749722755E+002         1.9828245862E+000         2.4204914621E+000         
2018-08-28                21:58:25.625              239.58224103              5749.973785               240.58224103              1535493505.625            0                         963                       3.0000000000E+000         1.4000000000E+001         0.0000000000E+000         1.9080836771E+000         1.9571910719E+000         6.8315679460E+002         7.0465953317E+002         1.9701245035E+000         2.4058275847E+000         
2018-08-28                21:58:29.163              239.58228198              5749.974768               240.58228198              1535493509.163            0                         963                       2.0000000000E+000         1.4000000000E+001         0.0000000000E+000         1.9124303447E+000         1.9571910719E+000         6.8315679460E+002         7.0465953317E+002         1.9701245035E+000         2.4058275847E+000         
2018-08-28                21:58:48.801              239.58250927              5749.980223               240.58250927              1535493528.801            0                         963                       1.0000000000E+000         1.4000000000E+001         0.0000000000E+000         1.9124303447E+000         1.9571910719E+000         6.4490261776E+002         7.0465953317E+002         1.9701245035E+000         2.4058275847E+000         
2018-08-28                21:58:52.197              239.58254858              5749.981166               240.58254858              1535493532.197            0                         963                       3.0000000000E+000         1.4000000000E+001         0.0000000000E+000         1.9124303447E+000         1.9613812565E+000         6.4490261776E+002         6.6509047076E+002         1.9617716813E+000         2.3961778976E+000         
2018-08-28                21:58:53.796              239.58256708              5749.981610               240.58256708              1535493533.796            0                         963                       2.0000000000E+000         1.4000000000E+001         0.0000000000E+000         1.9155606349E+000         1.9613812565E+000         6.4490261776E+002         6.6509047076E+002         1.9617716813E+000         2.3961778976E+000         
2018-08-28                21:58:54.759              239.58257824              5749.981878               240.58257824              1535493534.760            0                         963                       1.0000000000E+000         1.4000000000E+001         0.0000000000E+000         1.9155606349E+000         1.9613812565E+000         6.2463801885E+002         6.6509047076E+002         1.9617716813E+000         2.3961778976E+000         
2018-08-28                21:58:58.315              239.58261940              5749.982866               240.58261940              1535493538.316            0                         963                       3.0000000000E+000         1.4000000000E+001         0.0000000000E+000         1.9155606349E+000         1.9644669933E+000         6.2463801885E+002         6.4414172980E+002         1.9603570774E+000         2.3945432459E+000         
2018-08-28                21:58:59.875              239.58263745              5749.983299               240.58263745              1535493539.876            0                         963                       2.0000000000E+000         1.4000000000E+001         0.0000000000E+000         1.9158073437E+000         1.9644669933E+000         6.2463801885E+002         6.4414172980E+002         1.9603570774E+000         2.3945432459E+000         
2018-08-28                21:59:00.793              239.58264808              5749.983554               240.58264808              1535493540.794            0                         963                       1.0000000000E+000         1.4000000000E+001         0.0000000000E+000         1.9158073437E+000         1.9644669933E+000         6.1794692172E+002         6.4414172980E+002         1.9603570774E+000         2.3945432459E+000         
2018-08-28                21:59:04.322              239.58268891              5749.984534               240.58268891              1535493544.322            0                         963                       3.0000000000E+000         1.4000000000E+001         0.0000000000E+000         1.9158073437E+000         1.9646896201E+000         6.1794692172E+002         6.3722970993E+002         1.9593919231E+000         2.3934278885E+000         
2018-08-28                21:59:05.921              239.58270743              5749.984978               240.58270743              1535493545.922            0                         963                       2.0000000000E+000         1.4000000000E+001         0.0000000000E+000         1.9161643777E+000         1.9646896201E+000         6.1794692172E+002         6.3722970993E+002         1.9593919231E+000         2.3934278885E+000         
2018-08-28                21:59:06.867              239.58271837              5749.985241               240.58271837              1535493546.867            0                         963                       1.0000000000E+000         1.4000000000E+001         0.0000000000E+000         1.9161643777E+000         1.9646896201E+000         6.1150033177E+002         6.3722970993E+002         1.9593919231E+000         2.3934278885E+000         
2018-08-28                21:59:10.404              239.58275932              5749.986224               240.58275932              1535493550.405            0                         963                       3.0000000000E+000         1.4000000000E+001         0.0000000000E+000         1.9161643777E+000         1.9650288209E+000         6.1150033177E+002         6.3057142778E+002         1.9582469563E+000         2.3921046626E+000         
2018-08-28                21:59:13.676              239.58279718              5749.987132               240.58279718              1535493553.676            0                         963                       2.0000000000E+000         1.4318584071E+001         0.0000000000E+000         1.9169547599E+000         1.9650288209E+000         6.1150033177E+002         6.3057142778E+002         1.9582469563E+000         2.3921046626E+000         
2018-08-28                21:59:32.588              239.58301606              5749.992386               240.58301606              1535493572.588            0                         963                       1.0000000000E+000         1.6000000000E+001         0.0000000000E+000         1.9169547599E+000         1.9650288209E+000         5.4795927586E+002         6.3057142778E+002         1.9582469563E+000         2.3921046626E+000         
2018-08-28                21:59:36.092              239.58305663              5749.993359               240.58305663              1535493576.093            0                         963                       3.0000000000E+000         1.6000000000E+001         0.0000000000E+000         1.9169547599E+000         1.9615095914E+000         5.4795927586E+002         5.6353334842E+002         1.6212322169E+000         1.9991296209E+000         
2018-08-28                21:59:37.664              239.58307483              5749.993796               240.58307483              1535493577.665            0                         963                       2.0000000000E+000         1.6000000000E+001         0.0000000000E+000         1.9341104597E+000         1.9615095914E+000         5.4795927586E+002         5.6353334842E+002         1.6212322169E+000         1.9991296209E+000         
2018-08-28                21:59:38.611              239.58308578              5749.994059               240.58308578              1535493578.611            0                         963                       1.0000000000E+000         1.6000000000E+001         0.0000000000E+000         1.9341104597E+000         1.9615095914E+000         4.8935189383E+002         5.6353334842E+002         1.6212322169E+000         1.9991296209E+000         
2018-08-28                21:59:42.154              239.58312679              5749.995043               240.58312679              1535493582.155            0                         963                       3.0000000000E+000         1.6000000000E+001         0.0000000000E+000         1.9341104597E+000         1.9747370271E+000         4.8935189383E+002         5.0192019543E+002         1.6189188353E+000         1.9964076272E+000         
2018-08-28                21:59:45.463              239.58316509              5749.995962               240.58316509              1535493585.464            0                         963                       2.0000000000E+000         1.6000000000E+001         0.0000000000E+000         1.9340821514E+000         1.9747370271E+000         4.8935189383E+002         5.0192019543E+002         1.6189188353E+000         1.9964076272E+000         
2018-08-28                22:00:04.305              239.58338317              5750.001196               240.58338317              1535493604.306            0                         963                       1.0000000000E+000         1.6000000000E+001         0.0000000000E+000         1.9340821514E+000         1.9747370271E+000         4.8933122387E+002         5.0192019543E+002         1.6189188353E+000         1.9964076272E+000         
2018-08-28                22:00:06.898              239.58341318              5750.001916               240.58341318              1535493606.899            0                         963                       3.0000000000E+000         1.6000000000E+001         0.0000000000E+000         1.9340821514E+000         1.9747844647E+000         4.8933122387E+002         5.0192263283E+002         1.6272052968E+000         2.0061561534E+000         
2018-08-28                22:00:08.417              239.58343076              5750.002338               240.58343076              1535493608.418            0                         963                       2.0000000000E+000         1.6000000000E+001         0.0000000000E+000         1.9336898974E+000         1.9747844647E+000         4.8933122387E+002         5.0192263283E+002         1.6272052968E+000         2.0061561534E+000         
2018-08-28                22:00:09.378              239.58344188              5750.002605               240.58344188              1535493609.378            0                         963                       1.0000000000E+000         1.6000000000E+001         0.0000000000E+000         1.9336898974E+000         1.9747844647E+000         4.8933396070E+002         5.0192263283E+002         1.6272052968E+000         2.0061561534E+000         
2018-08-28                22:00:12.915              239.58348282              5750.003588               240.58348282              1535493612.916            0                         963                       3.0000000000E+000         1.6000000000E+001         0.0000000000E+000         1.9336898974E+000         1.9743820501E+000         4.8933396070E+002         5.0192484985E+002         1.6187697510E+000         1.9962321986E+000         
2018-08-28                22:00:14.525              239.58350145              5750.004035               240.58350145              1535493614.525            0                         963                       2.0000000000E+000         1.5000000000E+001         0.0000000000E+000         1.9322047994E+000         1.9743820501E+000         4.8933396070E+002         5.0192484985E+002         1.6187697510E+000         1.9962321986E+000         
2018-08-28                22:00:15.492              239.58351264              5750.004303               240.58351264              1535493615.492            0                         963                       1.0000000000E+000         1.5000000000E+001         0.0000000000E+000         1.9322047994E+000         1.9743820501E+000         4.8932301879E+002         5.0192484985E+002         1.6187697510E+000         1.9962321986E+000         
2018-08-28                22:00:19.035              239.58355365              5750.005288               240.58355365              1535493619.035            0                         963                       3.0000000000E+000         1.5000000000E+001         0.0000000000E+000         1.9322047994E+000         1.9766661928E+000         4.8932301879E+002         5.0309168225E+002         1.9255152006E+000         2.3542434976E+000         
2018-08-28                22:00:22.595              239.58359486              5750.006277               240.58359486              1535493622.596            0                         963                       2.0000000000E+000         1.5000000000E+001         0.0000000000E+000         1.8742114290E+000         1.9766661928E+000         4.8932301879E+002         5.0309168225E+002         1.9255152006E+000         2.3542434976E+000         
2018-08-28                22:00:42.229              239.58382209              5750.011730               240.58382209              1535493642.229            0                         963                       1.0000000000E+000         1.5000000000E+001         0.0000000000E+000         1.8742114290E+000         1.9766661928E+000         1.3370105415E+003         5.0309168225E+002         1.9255152006E+000         2.3542434976E+000         
2018-08-28                22:00:45.803              239.58386347              5750.012723               240.58386347              1535493645.804            0                         963                       3.0000000000E+000         1.5000000000E+001         0.0000000000E+000         1.8742114290E+000         1.9228848543E+000         1.3370105415E+003         1.3794761347E+003         2.0627076881E+000         2.5125058392E+000         
2018-08-28                22:00:49.127              239.58390193              5750.013646               240.58390193              1535493649.127            0                         963                       2.0000000000E+000         1.5000000000E+001         0.0000000000E+000         1.8797165138E+000         1.9228848543E+000         1.3370105415E+003         1.3794761347E+003         2.0627076881E+000         2.5125058392E+000         
2018-08-28                22:01:08.009              239.58412049              5750.018892               240.58412049              1535493668.010            0                         963                       1.0000000000E+000         1.5000000000E+001         0.0000000000E+000         1.8797165138E+000         1.9228848543E+000         1.2031248524E+003         1.3794761347E+003         2.0627076881E+000         2.5125058392E+000         
2018-08-28                22:01:11.490              239.58416076              5750.019858               240.58416076              1535493671.490            0                         963                       3.0000000000E+000         1.5000000000E+001         0.0000000000E+000         1.8797165138E+000         1.9303211732E+000         1.2031248524E+003         1.2427398002E+003         2.0677963773E+000         2.5183544598E+000         
2018-08-28                22:01:15.005              239.58420145              5750.020835               240.58420145              1535493675.005            0                         963                       2.0000000000E+000         1.5000000000E+001         0.0000000000E+000         1.8931390189E+000         1.9303211732E+000         1.2031248524E+003         1.2427398002E+003         2.0677963773E+000         2.5183544598E+000         
2018-08-28                22:01:34.644              239.58442876              5750.026290               240.58442876              1535493694.645            0                         963                       1.0000000000E+000         1.5000000000E+001         0.0000000000E+000         1.8931390189E+000         1.9303211732E+000         9.8177692267E+002         1.2427398002E+003         2.0677963773E+000         2.5183544598E+000         
2018-08-28                22:01:38.128              239.58446907              5750.027258               240.58446907              1535493698.128            0                         963                       3.0000000000E+000         1.5000000000E+001         0.0000000000E+000         1.8931390189E+000         1.9442415541E+000         9.8177692267E+002         1.0141903255E+003         2.0735013947E+000         2.5249096277E+000         
2018-08-28                22:01:39.743              239.58448777              5750.027706               240.58448777              1535493699.743            0                         963                       2.0000000000E+000         1.5000000000E+001         0.0000000000E+000         1.9024061341E+000         1.9442415541E+000         9.8177692267E+002         1.0141903255E+003         2.0735013947E+000         2.5249096277E+000         
2018-08-28                22:01:40.707              239.58449894              5750.027974               240.58449894              1535493700.708            0                         963                       1.0000000000E+000         1.5000000000E+001         0.0000000000E+000         1.9024061341E+000         1.9442415541E+000         8.7910876838E+002         1.0141903255E+003         2.0735013947E+000         2.5249096277E+000         
2018-08-28                22:01:44.263              239.58454009              5750.028962               240.58454009              1535493704.264            0                         963                       3.0000000000E+000         1.5000000000E+001         0.0000000000E+000         1.9024061341E+000         1.9538295084E+000         8.7910876838E+002         9.0817258552E+002         2.0733567527E+000         2.5247434552E+000         
2018-08-28                22:01:48.039              239.58458378              5750.030011               240.58458378              1535493708.039            0                         963                       2.0000000000E+000         1.5000000000E+001         0.0000000000E+000         1.9040176300E+000         1.9538295084E+000         8.7910876838E+002         9.0817258552E+002         2.0733567527E+000         2.5247434552E+000         
2018-08-28                22:02:08.453              239.58482007              5750.035682               240.58482007              1535493728.454            0                         963                       1.0000000000E+000         1.5000000000E+001         0.0000000000E+000         1.9040176300E+000         1.9538295084E+000         8.0590104938E+002         9.0817258552E+002         2.0733567527E+000         2.5247434552E+000         
2018-08-28                22:02:12.023              239.58486138              5750.036673               240.58486138              1535493732.023            0                         963                       3.0000000000E+000         1.5000000000E+001         0.0000000000E+000         1.9040176300E+000         1.9554618101E+000         8.0590104938E+002         8.3253278325E+002         2.0717129587E+000         2.5228548896E+000         
2018-08-28                22:02:15.319              239.58489954              5750.037589               240.58489954              1535493735.320            0                         963                       2.0000000000E+000         1.5000000000E+001         0.0000000000E+000         1.9097537651E+000         1.9554618101E+000         8.0590104938E+002         8.3253278325E+002         2.0717129587E+000         2.5228548896E+000         
2018-08-28                22:02:34.210              239.58511817              5750.042836               240.58511817              1535493754.210            0                         963                       1.0000000000E+000         1.5000000000E+001         0.0000000000E+000         1.9097537651E+000         1.9554618101E+000         7.1431459656E+002         8.3253278325E+002         2.0717129587E+000         2.5228548896E+000         
2018-08-28                22:02:37.634              239.58515780              5750.043787               240.58515780              1535493757.634            0                         963                       3.0000000000E+000         1.5000000000E+001         0.0000000000E+000         1.9097537651E+000         1.9612560032E+000         7.1431459656E+002         7.3787536996E+002         2.0657613359E+000         2.5160156946E+000         
2018-08-28                22:02:41.114              239.58519808              5750.044754               240.58519808              1535493761.114            0                         963                       2.0000000000E+000         1.5000000000E+001         0.0000000000E+000         1.9135199071E+000         1.9612560032E+000         7.1431459656E+002         7.3787536996E+002         2.0657613359E+000         2.5160156946E+000         
2018-08-28                22:03:00.846              239.58542647              5750.050235               240.58542647              1535493780.847            0                         963                       1.0000000000E+000         1.5000000000E+001         0.0000000000E+000         1.9135199071E+000         1.9612560032E+000         6.5300931310E+002         7.3787536996E+002         2.0657613359E+000         2.5160156946E+000         
2018-08-28                22:03:04.404              239.58546764              5750.051223               240.58546764              1535493784.404            0                         963                       3.0000000000E+000         1.5000000000E+001         0.0000000000E+000         1.9135199071E+000         1.9649043261E+000         6.5300931310E+002         6.7445631292E+002         2.0545526514E+000         2.5031297527E+000         
2018-08-28                22:03:07.687              239.58550565              5750.052136               240.58550565              1535493787.688            0                         963                       2.0000000000E+000         1.5115044248E+001         0.0000000000E+000         1.9167531988E+000         1.9649043261E+000         6.5300931310E+002         6.7445631292E+002         2.0545526514E+000         2.5031297527E+000         
2018-08-28                22:03:26.612              239.58572469              5750.057392               240.58572469              1535493806.613            0                         963                       1.0000000000E+000         1.6000000000E+001         0.0000000000E+000         1.9167531988E+000         1.9649043261E+000         5.5884719792E+002         6.7445631292E+002         2.0545526514E+000         2.5031297527E+000         
2018-08-28                22:03:30.174              239.58576590              5750.058382               240.58576590              1535493810.174            0                         963                       3.0000000000E+000         1.6000000000E+001         0.0000000000E+000         1.9167531988E+000         1.9623972614E+000         5.5884719792E+002         5.7512118441E+002         1.6119633155E+000         1.9882215075E+000         
2018-08-28                22:03:33.487              239.58580426              5750.059302               240.58580426              1535493813.488            0                         963                       2.0000000000E+000         1.6000000000E+001         0.0000000000E+000         1.9333933666E+000         1.9623972614E+000         5.5884719792E+002         5.7512118441E+002         1.6119633155E+000         1.9882215075E+000         
2018-08-28                22:03:52.361              239.58602271              5750.064545               240.58602271              1535493832.362            0                         963                       1.0000000000E+000         1.6000000000E+001         0.0000000000E+000         1.9333933666E+000         1.9623972614E+000         4.9538158809E+002         5.7512118441E+002         1.6119633155E+000         1.9882215075E+000         
2018-08-28                22:03:55.799              239.58606249              5750.065500               240.58606249              1535493835.799            0                         963                       3.0000000000E+000         1.6000000000E+001         0.0000000000E+000         1.9333933666E+000         1.9736776403E+000         4.9538158809E+002         5.0800214128E+002         1.6025751438E+000         1.9771674615E+000         
2018-08-28                22:03:59.049              239.58610010              5750.066403               240.58610010              1535493839.049            0                         963                       2.0000000000E+000         1.6000000000E+001         0.0000000000E+000         1.9345774877E+000         1.9736776403E+000         4.9538158809E+002         5.0800214128E+002         1.6025751438E+000         1.9771674615E+000         
2018-08-28                22:04:17.996              239.58631940              5750.071666               240.58631940              1535493857.996            0                         963                       1.0000000000E+000         1.6000000000E+001         0.0000000000E+000         1.9345774877E+000         1.9736776403E+000         5.0337507340E+002         5.0800214128E+002         1.6025751438E+000         1.9771674615E+000         
2018-08-28                22:04:21.493              239.58635988              5750.072637               240.58635988              1535493861.494            0                         963                       3.0000000000E+000         1.6000000000E+001         0.0000000000E+000         1.9345774877E+000         1.9745281437E+000         5.0337507340E+002         5.1608517935E+002         1.5839300537E+000         1.9551972603E+000         
2018-08-28                22:04:24.730              239.58639734              5750.073536               240.58639734              1535493864.730            0                         963                       2.0000000000E+000         1.6000000000E+001         0.0000000000E+000         1.9351057487E+000         1.9745281437E+000         5.0337507340E+002         5.1608517935E+002         1.5839300537E+000         1.9551972603E+000         
2018-08-28                22:04:43.655              239.58661639              5750.078793               240.58661639              1535493883.656            0                         963                       1.0000000000E+000         1.6000000000E+001         0.0000000000E+000         1.9351057487E+000         1.9745281437E+000         5.1090655575E+002         5.1608517935E+002         1.5839300537E+000         1.9551972603E+000         
2018-08-28                22:04:47.053              239.58665572              5750.079737               240.58665572              1535493887.054            0                         963                       3.0000000000E+000         1.6000000000E+001         0.0000000000E+000         1.9351057487E+000         1.9746753064E+000         5.1090655575E+002         5.2368017020E+002         1.5718947049E+000         1.9410037724E+000         
2018-08-28                22:04:50.506              239.58669568              5750.080696               240.58669568              1535493890.507            0                         963                       2.0000000000E+000         1.6000000000E+001         0.0000000000E+000         1.9345826105E+000         1.9746753064E+000         5.1090655575E+002         5.2368017020E+002         1.5718947049E+000         1.9410037724E+000         
2018-08-28                22:05:10.201              239.58692363              5750.086167               240.58692363              1535493910.202            0                         963                       1.0000000000E+000         1.6000000000E+001         0.0000000000E+000         1.9345826105E+000         1.9746753064E+000         5.1712409568E+002         5.2368017020E+002         1.5718947049E+000         1.9410037724E+000         
2018-08-28                22:05:13.595              239.58696291              5750.087110               240.58696291              1535493913.595            0                         963                       3.0000000000E+000         1.6000000000E+001         0.0000000000E+000         1.9345826105E+000         1.9737623607E+000         5.1712409568E+002         5.2992914620E+002         1.5542450797E+000         1.9201725021E+000         
2018-08-28                22:05:16.852              239.58700061              5750.088015               240.58700061              1535493916.853            0                         963                       2.0000000000E+000         1.6000000000E+001         0.0000000000E+000         1.9358477659E+000         1.9737623607E+000         5.1712409568E+002         5.2992914620E+002         1.5542450797E+000         1.9201725021E+000         
2018-08-28                22:05:35.776              239.58721964              5750.093271               240.58721964              1535493935.777            0                         963                       1.0000000000E+000         1.6000000000E+001         0.0000000000E+000         1.9358477659E+000         1.9737623607E+000         5.2514110983E+002         5.2992914620E+002         1.5542450797E+000         1.9201725021E+000         
2018-08-28                22:05:39.358              239.58726110              5750.094266               240.58726110              1535493939.359            0                         963                       3.0000000000E+000         1.6000000000E+001         0.0000000000E+000         1.9358477659E+000         1.9746016131E+000         5.2514110983E+002         5.3799478765E+002         1.5365460886E+000         1.8992628867E+000         
2018-08-28                22:05:42.618              239.58729882              5750.095172               240.58729882              1535493942.618            0                         963                       2.0000000000E+000         1.6000000000E+001         0.0000000000E+000         1.9362215004E+000         1.9746016131E+000         5.2514110983E+002         5.3799478765E+002         1.5365460886E+000         1.8992628867E+000         
2018-08-28                22:06:01.553              239.58751799              5750.100432               240.58751799              1535493961.554            0                         963                       1.0000000000E+000         1.6000000000E+001         0.0000000000E+000         1.9362215004E+000         1.9746016131E+000         5.3087392521E+002         5.3799478765E+002         1.5365460886E+000         1.8992628867E+000         
2018-08-28                22:06:04.096              239.58754742              5750.101138               240.58754742              1535493964.097            0                         963                       3.0000000000E+000         1.6000000000E+001         0.0000000000E+000         1.9362215004E+000         1.9746246456E+000         5.3087392521E+002         5.4374774659E+002         1.5261957490E+000         1.8870256383E+000         
2018-08-28                22:06:05.704              239.58756603              5750.101585               240.58756603              1535493965.705            0                         963                       2.0000000000E+000         1.6000000000E+001         0.0000000000E+000         1.9357452777E+000         1.9746246456E+000         5.3087392521E+002         5.4374774659E+002         1.5261957490E+000         1.8870256383E+000         
2018-08-28                22:06:06.651              239.58757699              5750.101848               240.58757699              1535493966.652            0                         963                       1.0000000000E+000         1.6000000000E+001         0.0000000000E+000         1.9357452777E+000         1.9746246456E+000         5.3648384401E+002         5.4374774659E+002         1.5261957490E+000         1.8870256383E+000         
2018-08-28                22:06:10.203              239.58761810              5750.102834               240.58761810              1535493970.204            0                         963                       3.0000000000E+000         1.6000000000E+001         0.0000000000E+000         1.9357452777E+000         1.9739514809E+000         5.3648384401E+002         5.4943011981E+002         1.5218561225E+000         1.8818928255E+000         
2018-08-28                22:06:13.464              239.58765584              5750.103740               240.58765584              1535493973.465            0                         963                       2.0000000000E+000         1.6000000000E+001         0.0000000000E+000         1.9359803110E+000         1.9739514809E+000         5.3648384401E+002         5.4943011981E+002         1.5218561225E+000         1.8818928255E+000         
2018-08-28                22:06:32.381              239.58787478              5750.108995               240.58787478              1535493992.381            0                         963                       1.0000000000E+000         1.6000000000E+001         0.0000000000E+000         1.9359803110E+000         1.9739514809E+000         5.3917431814E+002         5.4943011981E+002         1.5218561225E+000         1.8818928255E+000         
2018-08-28                22:06:35.971              239.58791634              5750.109992               240.58791634              1535493995.972            0                         963                       3.0000000000E+000         1.6000000000E+001         0.0000000000E+000         1.9359803110E+000         1.9740249305E+000         5.3917431814E+002         5.5212887181E+002         1.5131737960E+000         1.8716199159E+000         
2018-08-28                22:06:39.276              239.58795459              5750.110910               240.58795459              1535493999.277            0                         963                       2.0000000000E+000         1.6000000000E+001         0.0000000000E+000         1.9360527613E+000         1.9740249305E+000         5.3917431814E+002         5.5212887181E+002         1.5131737960E+000         1.8716199159E+000         
2018-08-28                22:06:58.148              239.58817301              5750.116152               240.58817301              1535494018.148            0                         963                       1.0000000000E+000         1.6000000000E+001         0.0000000000E+000         1.9360527613E+000         1.9740249305E+000         5.3655201023E+002         5.5212887181E+002         1.5131737960E+000         1.8716199159E+000         
2018-08-28                22:07:00.717              239.58820274              5750.116866               240.58820274              1535494020.717            0                         963                       3.0000000000E+000         1.6000000000E+001         0.0000000000E+000         1.9360527613E+000         1.9741872624E+000         5.3655201023E+002         5.4947355684E+002         1.5287886526E+000         1.8900918868E+000         
2018-08-28                22:07:02.299              239.58822106              5750.117306               240.58822106              1535494022.300            0                         963                       2.0000000000E+000         1.6000000000E+001         0.0000000000E+000         1.9356259381E+000         1.9741872624E+000         5.3655201023E+002         5.4947355684E+002         1.5287886526E+000         1.8900918868E+000         
2018-08-28                22:07:03.255              239.58823212              5750.117571               240.58823212              1535494023.255            0                         963                       1.0000000000E+000         1.6000000000E+001         0.0000000000E+000         1.9356259381E+000         1.9741872624E+000         5.3388178353E+002         5.4947355684E+002         1.5287886526E+000         1.8900918868E+000         
2018-08-28                22:07:06.831              239.58827351              5750.118564               240.58827351              1535494026.831            0                         963                       3.0000000000E+000         1.6000000000E+001         0.0000000000E+000         1.9356259381E+000         1.9740722662E+000         5.3388178353E+002         5.4684710809E+002         1.5382611317E+000         1.9012899227E+000         
2018-08-28                22:07:10.092              239.58831125              5750.119470               240.58831125              1535494030.092            0                         963                       2.0000000000E+000         1.6000000000E+001         0.0000000000E+000         1.9361687625E+000         1.9740722662E+000         5.3388178353E+002         5.4684710809E+002         1.5382611317E+000         1.9012899227E+000         
2018-08-28                22:07:28.974              239.58852980              5750.124715               240.58852980              1535494048.975            0                         963                       1.0000000000E+000         1.6000000000E+001         0.0000000000E+000         1.9361687625E+000         1.9740722662E+000         5.3219903375E+002         5.4684710809E+002         1.5382611317E+000         1.9012899227E+000         
2018-08-28                22:07:32.427              239.58856977              5750.125674               240.58856977              1535494052.428            0                         963                       3.0000000000E+000         1.6000000000E+001         0.0000000000E+000         1.9361687625E+000         1.9749462576E+000         5.3219903375E+002         5.4523125847E+002         1.5538773874E+000         1.9197383146E+000         
2018-08-28                22:07:34.000              239.58858796              5750.126111               240.58858796              1535494054.000            0                         963                       2.0000000000E+000         1.6000000000E+001         0.0000000000E+000         1.9352791873E+000         1.9749462576E+000         5.3219903375E+002         5.4523125847E+002         1.5538773874E+000         1.9197383146E+000         
2018-08-28                22:07:34.954              239.58859902              5750.126376               240.58859902              1535494054.955            0                         963                       1.0000000000E+000         1.6000000000E+001         0.0000000000E+000         1.9352791873E+000         1.9749462576E+000         5.3042042550E+002         5.4523125847E+002         1.5538773874E+000         1.9197383146E+000         
2018-08-28                22:07:38.494              239.58863999              5750.127360               240.58863999              1535494058.495            0                         963                       3.0000000000E+000         1.6000000000E+001         0.0000000000E+000         1.9352791873E+000         1.9742535323E+000         5.3042042550E+002         5.4348109529E+002         1.5550700047E+000         1.9211465789E+000         
2018-08-28                22:07:40.082              239.58865836              5750.127801               240.58865836              1535494060.082            0                         963                       2.0000000000E+000         1.6000000000E+001         0.0000000000E+000         1.9352446895E+000         1.9742535323E+000         5.3042042550E+002         5.4348109529E+002         1.5550700047E+000         1.9211465789E+000         
2018-08-28                22:07:41.022              239.58866924              5750.128062               240.58866924              1535494061.022            0                         963                       1.0000000000E+000         1.6000000000E+001         0.0000000000E+000         1.9352446895E+000         1.9742535323E+000         5.3018352260E+002         5.4348109529E+002         1.5550700047E+000         1.9211465789E+000         
2018-08-28                22:07:44.558              239.58871016              5750.129044               240.58871016              1535494064.558            0                         963                       3.0000000000E+000         1.6000000000E+001         0.0000000000E+000         1.9352446895E+000         1.9742482227E+000         5.3018352260E+002         5.4324837753E+002         1.5562175162E+000         1.9225014952E+000         
2018-08-28                22:07:47.838              239.58874813              5750.129955               240.58874813              1535494067.838            0                         963                       2.0000000000E+000         1.6000000000E+001         0.0000000000E+000         1.9351707365E+000         1.9742482227E+000         5.3018352260E+002         5.4324837753E+002         1.5562175162E+000         1.9225014952E+000         
2018-08-28                22:08:06.700              239.58896645              5750.135195               240.58896645              1535494086.701            0                         963                       1.0000000000E+000         1.6000000000E+001         0.0000000000E+000         1.9351707365E+000         1.9742482227E+000         5.2890489261E+002         5.4324837753E+002         1.5562175162E+000         1.9225014952E+000         
2018-08-28                22:08:09.289              239.58899641              5750.135914               240.58899641              1535494089.290            0                         963                       3.0000000000E+000         1.6000000000E+001         0.0000000000E+000         1.9351707365E+000         1.9745218645E+000         5.2890489261E+002         5.4205499615E+002         1.5824123278E+000         1.9534078909E+000         
2018-08-28                22:08:12.489              239.58903344              5750.136803               240.58903344              1535494092.489            0                         963                       2.0000000000E+000         1.6000000000E+001         0.0000000000E+000         1.9345038798E+000         1.9745218645E+000         5.2890489261E+002         5.4205499615E+002         1.5824123278E+000         1.9534078909E+000         
2018-08-28                22:08:31.433              239.58925270              5750.142065               240.58925270              1535494111.433            0                         963                       1.0000000000E+000         1.6000000000E+001         0.0000000000E+000         1.9345038798E+000         1.9745218645E+000         5.3204416627E+002         5.4205499615E+002         1.5824123278E+000         1.9534078909E+000         
2018-08-28                22:08:34.865              239.58929242              5750.143018               240.58929242              1535494114.865            0                         963                       3.0000000000E+000         1.6000000000E+001         0.0000000000E+000         1.9345038798E+000         1.9741678131E+000         5.3204416627E+002         5.4538216709E+002         1.5817629793E+000         1.9526422769E+000         
2018-08-28                22:08:38.332              239.58933255              5750.143981               240.58933255              1535494118.332            0                         963                       2.0000000000E+000         1.6000000000E+001         0.0000000000E+000         1.9342338359E+000         1.9741678131E+000         5.3204416627E+002         5.4538216709E+002         1.5817629793E+000         1.9526422769E+000         
2018-08-28                22:08:58.036              239.58956061              5750.149455               240.58956061              1535494138.037            0                         963                       1.0000000000E+000         1.6000000000E+001         0.0000000000E+000         1.9342338359E+000         1.9741678131E+000         5.4283129147E+002         5.4538216709E+002         1.5817629793E+000         1.9526422769E+000         
2018-08-28                22:09:01.546              239.58960123              5750.150429               240.58960123              1535494141.546            0                         963                       3.0000000000E+000         1.6000000000E+001         0.0000000000E+000         1.9342338359E+000         1.9742235921E+000         5.4283129147E+002         5.5655352446E+002         1.6083632400E+000         1.9839832833E+000         
2018-08-28                22:09:03.119              239.58961944              5750.150867               240.58961944              1535494143.120            0                         963                       2.0000000000E+000         1.6000000000E+001         0.0000000000E+000         1.9343039086E+000         1.9742235921E+000         5.4283129147E+002         5.5655352446E+002         1.6083632400E+000         1.9839832833E+000         
