DATE                      TIME                      FRAC_DAYS_SINCE_JAN1      FRAC_HRS_SINCE_JAN1       JULIAN_DAYS               EPOCH_TIME                ALARM_STATUS              INST_STATUS               species                   MPVPosition               solenoid_valves           CH4                       CH4_dry                   CO2                       CO2_dry                   H2O                       h2o_reported              
2018-08-31                21:41:12.237              242.57028053              5821.686733               243.57028053              1535751672.238            0                         963                       1.0000000000E+000         1.1000000000E+001         0.0000000000E+000         1.8710477053E+000         1.9357497560E+000         7.3224887723E+002         6.4907430654E+002         2.0566944155E+000         2.5055925838E+000         
2018-08-31                21:41:15.706              242.57032067              5821.687696               243.57032067              1535751675.706            0                         963                       3.0000000000E+000         1.1000000000E+001         0.0000000000E+000         1.8710477053E+000         1.9206355097E+000         7.3224887723E+002         7.5598389607E+002         2.0111340837E+000         2.4531436418E+000         
2018-08-31                21:41:19.323              242.57036255              5821.688701               243.57036255              1535751679.324            0                         963                       2.0000000000E+000         1.1000000000E+001         0.0000000000E+000         1.8749792634E+000         1.9206355097E+000         7.3224887723E+002         7.5598389607E+002         2.0111340837E+000         2.4531436418E+000         
2018-08-31                21:41:38.941              242.57058961              5821.694151               243.57058961              1535751698.942            0                         963                       1.0000000000E+000         1.1000000000E+001         0.0000000000E+000         1.8749792634E+000         1.9206355097E+000         6.5922931499E+002         7.5598389607E+002         2.0111340837E+000         2.4531436418E+000         
2018-08-31                21:41:42.286              242.57062831              5821.695079               243.57062831              1535751702.286            0                         963                       3.0000000000E+000         1.1000000000E+001         0.0000000000E+000         1.8749792634E+000         1.9235194279E+000         6.5922931499E+002         6.8010152925E+002         1.9646201888E+000         2.3994691376E+000         
2018-08-31                21:41:45.792              242.57066889              5821.696053               243.57066889              1535751705.792            0                         963                       2.0000000000E+000         1.1000000000E+001         0.0000000000E+000         1.8782287342E+000         1.9235194279E+000         6.5922931499E+002         6.8010152925E+002         1.9646201888E+000         2.3994691376E+000         
2018-08-31                21:42:05.430              242.57089618              5821.701508               243.57089618              1535751725.430            0                         963                       1.0000000000E+000         1.1000000000E+001         0.0000000000E+000         1.8782287342E+000         1.9235194279E+000         6.1320199906E+002         6.8010152925E+002         1.9646201888E+000         2.3994691376E+000         
2018-08-31                21:42:08.819              242.57093541              5821.702450               243.57093541              1535751728.819            0                         963                       3.0000000000E+000         1.1000000000E+001         0.0000000000E+000         1.8782287342E+000         1.9257987997E+000         6.1320199906E+002         6.3219544695E+002         1.9269074697E+000         2.3558552673E+000         
2018-08-31                21:42:12.345              242.57097622              5821.703429               243.57097622              1535751732.345            0                         963                       2.0000000000E+000         1.1000000000E+001         0.0000000000E+000         1.8806595046E+000         1.9257987997E+000         6.1320199906E+002         6.3219544695E+002         1.9269074697E+000         2.3558552673E+000         
2018-08-31                21:42:32.006              242.57120377              5821.708891               243.57120377              1535751752.006            0                         963                       1.0000000000E+000         1.1000000000E+001         0.0000000000E+000         1.8806595046E+000         1.9257987997E+000         5.8212888435E+002         6.3219544695E+002         1.9269074697E+000         2.3558552673E+000         
2018-08-31                21:42:35.437              242.57124348              5821.709844               243.57124348              1535751755.437            0                         963                       3.0000000000E+000         1.1000000000E+001         0.0000000000E+000         1.8806595046E+000         1.9274400914E+000         5.8212888435E+002         5.9983730632E+002         1.8966525772E+000         2.3208040390E+000         
2018-08-31                21:42:38.697              242.57128122              5821.710749               243.57128122              1535751758.697            0                         963                       2.0000000000E+000         1.1000000000E+001         0.0000000000E+000         1.8822487529E+000         1.9274400914E+000         5.8212888435E+002         5.9983730632E+002         1.8966525772E+000         2.3208040390E+000         
2018-08-31                21:42:57.592              242.57149992              5821.715998               243.57149992              1535751777.593            0                         963                       1.0000000000E+000         1.1000000000E+001         0.0000000000E+000         1.8822487529E+000         1.9274400914E+000         5.6033793493E+002         5.9983730632E+002         1.8966525772E+000         2.3208040390E+000         
2018-08-31                21:43:01.016              242.57153954              5821.716949               243.57153954              1535751781.016            0                         963                       3.0000000000E+000         1.1000000000E+001         0.0000000000E+000         1.8822487529E+000         1.9284545614E+000         5.6033793493E+002         5.7715955559E+002         1.8778501796E+000         2.2989928716E+000         
2018-08-31                21:43:04.296              242.57157751              5821.717860               243.57157751              1535751784.297            0                         963                       2.0000000000E+000         1.1000000000E+001         0.0000000000E+000         1.8828815900E+000         1.9284545614E+000         5.6033793493E+002         5.7715955559E+002         1.8778501796E+000         2.2989928716E+000         
2018-08-31                21:43:23.211              242.57179644              5821.723114               243.57179644              1535751803.212            0                         963                       1.0000000000E+000         1.1000000000E+001         0.0000000000E+000         1.8828815900E+000         1.9284545614E+000         5.4474332711E+002         5.7715955559E+002         1.8778501796E+000         2.2989928716E+000         
2018-08-31                21:43:26.680              242.57183659              5821.724078               243.57183659              1535751806.681            0                         963                       3.0000000000E+000         1.1000000000E+001         0.0000000000E+000         1.8828815900E+000         1.9286953389E+000         5.4474332711E+002         5.6095240860E+002         1.8641005808E+000         2.2830294190E+000         
2018-08-31                21:43:30.548              242.57188134              5821.725152               243.57188134              1535751810.548            0                         963                       2.0000000000E+000         1.1934579439E+001         0.0000000000E+000         1.8836179964E+000         1.9286953389E+000         5.4474332711E+002         5.6095240860E+002         1.8641005808E+000         2.2830294190E+000         
2018-08-31                21:43:50.917              242.57211709              5821.730810               243.57211709              1535751830.917            0                         963                       1.0000000000E+000         1.6000000000E+001         0.0000000000E+000         1.8836179964E+000         1.9286953389E+000         5.0782738350E+002         5.6095240860E+002         1.8641005808E+000         2.2830294190E+000         
2018-08-31                21:43:53.446              242.57214637              5821.731513               243.57214637              1535751833.446            0                         963                       3.0000000000E+000         1.6000000000E+001         0.0000000000E+000         1.8836179964E+000         1.9261443549E+000         5.0782738350E+002         5.2184708962E+002         1.6143492984E+000         1.9910299750E+000         
2018-08-31                21:43:57.354              242.57219160              5821.732598               243.57219160              1535751837.354            0                         963                       2.0000000000E+000         1.6000000000E+001         0.0000000000E+000         1.8900880973E+000         1.9261443549E+000         5.0782738350E+002         5.2184708962E+002         1.6143492984E+000         1.9910299750E+000         
2018-08-31                21:44:17.664              242.57242668              5821.738240               243.57242668              1535751857.665            0                         963                       1.0000000000E+000         1.6000000000E+001         0.0000000000E+000         1.8900880973E+000         1.9261443549E+000         4.7829619998E+002         5.2184708962E+002         1.6143492984E+000         1.9910299750E+000         
2018-08-31                21:44:20.924              242.57246441              5821.739146               243.57246441              1535751860.925            0                         963                       3.0000000000E+000         1.6000000000E+001         0.0000000000E+000         1.8900880973E+000         1.9296490235E+000         4.7829619998E+002         4.9053690309E+002         1.6145180706E+000         1.9912286180E+000         
2018-08-31                21:44:24.275              242.57250318              5821.740076               243.57250318              1535751864.275            0                         963                       2.0000000000E+000         1.5567567568E+001         0.0000000000E+000         1.8903852043E+000         1.9296490235E+000         4.7829619998E+002         4.9053690309E+002         1.6145180706E+000         1.9912286180E+000         
2018-08-31                21:44:43.161              242.57272178              5821.745323               243.57272178              1535751883.162            0                         963                       1.0000000000E+000         1.2000000000E+001         0.0000000000E+000         1.8903852043E+000         1.9296490235E+000         6.5080642391E+002         4.9053690309E+002         1.6145180706E+000         1.9912286180E+000         
2018-08-31                21:44:45.713              242.57275131              5821.746031               243.57275131              1535751885.713            0                         963                       3.0000000000E+000         1.2000000000E+001         0.0000000000E+000         1.8903852043E+000         1.9338425905E+000         6.5080642391E+002         6.6910136006E+002         1.9264836532E+000         2.3553646457E+000         
2018-08-31                21:44:49.032              242.57278972              5821.746953               243.57278972              1535751889.032            0                         963                       2.0000000000E+000         1.2000000000E+001         0.0000000000E+000         1.8730320706E+000         1.9338425905E+000         6.5080642391E+002         6.6910136006E+002         1.9264836532E+000         2.3553646457E+000         
2018-08-31                21:45:07.950              242.57300868              5821.752208               243.57300868              1535751907.950            0                         963                       1.0000000000E+000         1.2000000000E+001         0.0000000000E+000         1.8730320706E+000         1.9338425905E+000         8.0210732057E+002         6.6910136006E+002         1.9264836532E+000         2.3553646457E+000         
2018-08-31                21:45:11.342              242.57304795              5821.753151               243.57304795              1535751911.343            0                         963                       3.0000000000E+000         1.2000000000E+001         0.0000000000E+000         1.8730320706E+000         1.9199199081E+000         8.0210732057E+002         8.2666323420E+002         1.9208834785E+000         2.3488807095E+000         
2018-08-31                21:45:12.930              242.57306633              5821.753592               243.57306633              1535751912.931            0                         963                       2.0000000000E+000         1.2000000000E+001         0.0000000000E+000         1.8746701716E+000         1.9199199081E+000         8.0210732057E+002         8.2666323420E+002         1.9208834785E+000         2.3488807095E+000         
2018-08-31                21:45:13.878              242.57307730              5821.753855               243.57307730              1535751913.879            0                         963                       1.0000000000E+000         1.2000000000E+001         0.0000000000E+000         1.8746701716E+000         1.9199199081E+000         7.5861395880E+002         8.2666323420E+002         1.9208834785E+000         2.3488807095E+000         
2018-08-31                21:45:17.295              242.57311684              5821.754804               243.57311684              1535751917.295            0                         963                       3.0000000000E+000         1.2000000000E+001         0.0000000000E+000         1.8746701716E+000         1.9215326116E+000         7.5861395880E+002         7.8180545259E+002         1.9211626770E+000         2.3492040131E+000         
2018-08-31                21:45:18.963              242.57313616              5821.755268               243.57313616              1535751918.964            0                         963                       2.0000000000E+000         1.2000000000E+001         0.0000000000E+000         1.8751488840E+000         1.9215326116E+000         7.5861395880E+002         7.8180545259E+002         1.9211626770E+000         2.3492040131E+000         
2018-08-31                21:45:19.894              242.57314693              5821.755526               243.57314693              1535751919.895            0                         963                       1.0000000000E+000         1.2000000000E+001         0.0000000000E+000         1.8751488840E+000         1.9215326116E+000         7.4158765802E+002         7.8180545259E+002         1.9211626770E+000         2.3492040131E+000         
2018-08-31                21:45:23.335              242.57318675              5821.756482               243.57318675              1535751923.335            0                         963                       3.0000000000E+000         1.2000000000E+001         0.0000000000E+000         1.8751488840E+000         1.9219830928E+000         7.4158765802E+002         7.6423917696E+002         1.9176634827E+000         2.3451517079E+000         
2018-08-31                21:45:26.721              242.57322595              5821.757423               243.57322595              1535751926.722            0                         963                       2.0000000000E+000         1.2000000000E+001         0.0000000000E+000         1.8762688392E+000         1.9219830928E+000         7.4158765802E+002         7.6423917696E+002         1.9176634827E+000         2.3451517079E+000         
2018-08-31                21:45:45.585              242.57344428              5821.762663               243.57344428              1535751945.586            0                         963                       1.0000000000E+000         1.2000000000E+001         0.0000000000E+000         1.8762688392E+000         1.9219830928E+000         7.0400352266E+002         7.6423917696E+002         1.9176634827E+000         2.3451517079E+000         
2018-08-31                21:45:49.141              242.57348544              5821.763651               243.57348544              1535751949.142            0                         963                       3.0000000000E+000         1.2000000000E+001         0.0000000000E+000         1.8762688392E+000         1.9228749406E+000         7.0400352266E+002         7.2538939734E+002         1.9006616703E+000         2.3254518885E+000         
2018-08-31                21:45:50.727              242.57350380              5821.764091               243.57350380              1535751950.728            0                         963                       2.0000000000E+000         1.2000000000E+001         0.0000000000E+000         1.8776716408E+000         1.9228749406E+000         7.0400352266E+002         7.2538939734E+002         1.9006616703E+000         2.3254518885E+000         
2018-08-31                21:45:51.684              242.57351487              5821.764357               243.57351487              1535751951.685            0                         963                       1.0000000000E+000         1.2000000000E+001         0.0000000000E+000         1.8776716408E+000         1.9228749406E+000         6.7011938720E+002         7.2538939734E+002         1.9006616703E+000         2.3254518885E+000         
2018-08-31                21:45:55.233              242.57355594              5821.765343               243.57355594              1535751955.233            0                         963                       3.0000000000E+000         1.2000000000E+001         0.0000000000E+000         1.8776716408E+000         1.9242061117E+000         6.7011938720E+002         6.9042941786E+002         1.9091398658E+000         2.3352776749E+000         
2018-08-31                21:45:58.486              242.57359359              5821.766246               243.57359359              1535751958.486            0                         963                       2.0000000000E+000         1.2000000000E+001         0.0000000000E+000         1.8782922984E+000         1.9242061117E+000         6.7011938720E+002         6.9042941786E+002         1.9091398658E+000         2.3352776749E+000         
2018-08-31                21:46:17.388              242.57381237              5821.771497               243.57381237              1535751977.389            0                         963                       1.0000000000E+000         1.2000000000E+001         0.0000000000E+000         1.8782922984E+000         1.9242061117E+000         6.4402795806E+002         6.9042941786E+002         1.9091398658E+000         2.3352776749E+000         
2018-08-31                21:46:20.861              242.57385256              5821.772461               243.57385256              1535751980.861            0                         963                       3.0000000000E+000         1.2000000000E+001         0.0000000000E+000         1.8782922984E+000         1.9246540500E+000         6.4402795806E+002         6.6346823746E+002         1.8856178903E+000         2.3080061839E+000         
2018-08-31                21:46:24.382              242.57389332              5821.773440               243.57389332              1535751984.383            0                         963                       2.0000000000E+000         1.2000000000E+001         0.0000000000E+000         1.8805269062E+000         1.9246540500E+000         6.4402795806E+002         6.6346823746E+002         1.8856178903E+000         2.3080061839E+000         
2018-08-31                21:46:43.999              242.57412036              5821.778889               243.57412036              1535752003.999            0                         963                       1.0000000000E+000         1.2000000000E+001         0.0000000000E+000         1.8805269062E+000         1.9246540500E+000         6.0871207074E+002         6.6346823746E+002         1.8856178903E+000         2.3080061839E+000         
2018-08-31                21:46:47.381              242.57415950              5821.779828               243.57415950              1535752007.381            0                         963                       3.0000000000E+000         1.2000000000E+001         0.0000000000E+000         1.8805269062E+000         1.9265919104E+000         6.0871207074E+002         6.2694685455E+002         1.8810029128E+000         2.3026516085E+000         
2018-08-31                21:46:49.000              242.57417824              5821.780278               243.57417824              1535752009.000            0                         963                       2.0000000000E+000         1.2000000000E+001         0.0000000000E+000         1.8813015072E+000         1.9265919104E+000         6.0871207074E+002         6.2694685455E+002         1.8810029128E+000         2.3026516085E+000         
2018-08-31                21:46:49.937              242.57418910              5821.780538               243.57418910              1535752009.938            0                         963                       1.0000000000E+000         1.2000000000E+001         0.0000000000E+000         1.8813015072E+000         1.9265919104E+000         5.9069611361E+002         6.2694685455E+002         1.8810029128E+000         2.3026516085E+000         
2018-08-31                21:46:53.503              242.57423036              5821.781529               243.57423036              1535752013.503            0                         963                       3.0000000000E+000         1.2000000000E+001         0.0000000000E+000         1.8813015072E+000         1.9272377296E+000         5.9069611361E+002         6.0833440296E+002         1.8738091574E+000         2.2943023919E+000         
2018-08-31                21:46:56.756              242.57426801              5821.782432               243.57426801              1535752016.756            0                         963                       2.0000000000E+000         1.2000000000E+001         0.0000000000E+000         1.8807244642E+000         1.9272377296E+000         5.9069611361E+002         6.0833440296E+002         1.8738091574E+000         2.2943023919E+000         
2018-08-31                21:47:15.713              242.57448743              5821.787698               243.57448743              1535752035.714            0                         963                       1.0000000000E+000         1.2000000000E+001         0.0000000000E+000         1.8807244642E+000         1.9272377296E+000         5.7668632711E+002         6.0833440296E+002         1.8738091574E+000         2.2943023919E+000         
2018-08-31                21:47:18.306              242.57451744              5821.788419               243.57451744              1535752038.307            0                         963                       3.0000000000E+000         1.2000000000E+001         0.0000000000E+000         1.8807244642E+000         1.9264510941E+000         5.7668632711E+002         5.9383288506E+002         1.8653706051E+000         2.2845044164E+000         
2018-08-31                21:47:21.803              242.57455792              5821.789390               243.57455792              1535752041.804            0                         963                       2.0000000000E+000         1.2400000000E+001         0.0000000000E+000         1.8823484592E+000         1.9264510941E+000         5.7668632711E+002         5.9383288506E+002         1.8653706051E+000         2.2845044164E+000         
2018-08-31                21:47:41.430              242.57478507              5821.794842               243.57478507              1535752061.430            0                         963                       1.0000000000E+000         1.6000000000E+001         0.0000000000E+000         1.8823484592E+000         1.9264510941E+000         5.2202546158E+002         5.9383288506E+002         1.8653706051E+000         2.2845044164E+000         
2018-08-31                21:47:44.815              242.57482425              5821.795782               243.57482425              1535752064.815            0                         963                       3.0000000000E+000         1.6000000000E+001         0.0000000000E+000         1.8823484592E+000         1.9248630131E+000         5.2202546158E+002         5.3644285997E+002         1.6144382811E+000         1.9911347068E+000         
2018-08-31                21:47:48.387              242.57486559              5821.796774               243.57486559              1535752068.387            0                         963                       2.0000000000E+000         1.6000000000E+001         0.0000000000E+000         1.8903559214E+000         1.9248630131E+000         5.2202546158E+002         5.3644285997E+002         1.6144382811E+000         1.9911347068E+000         
2018-08-31                21:48:07.984              242.57509242              5821.802218               243.57509242              1535752087.985            0                         963                       1.0000000000E+000         1.6000000000E+001         0.0000000000E+000         1.8903559214E+000         1.9248630131E+000         4.7718316019E+002         5.3644285997E+002         1.6144382811E+000         1.9911347068E+000         
2018-08-31                21:48:11.369              242.57513160              5821.803158               243.57513160              1535752091.370            0                         963                       3.0000000000E+000         1.6000000000E+001         0.0000000000E+000         1.8903559214E+000         1.9298158796E+000         4.7718316019E+002         4.8936245370E+002         1.6058978998E+000         1.9810804618E+000         
2018-08-31                21:48:14.724              242.57517043              5821.804090               243.57517043              1535752094.725            0                         963                       2.0000000000E+000         1.5918918919E+001         0.0000000000E+000         1.8907082235E+000         1.9298158796E+000         4.7718316019E+002         4.8936245370E+002         1.6058978998E+000         1.9810804618E+000         
2018-08-31                21:48:33.582              242.57538868              5821.809328               243.57538868              1535752113.582            0                         963                       1.0000000000E+000         1.3000000000E+001         0.0000000000E+000         1.8907082235E+000         1.9298158796E+000         4.8174993694E+002         4.8936245370E+002         1.6058978998E+000         1.9810804618E+000         
2018-08-31                21:48:36.989              242.57542811              5821.810275               243.57542811              1535752116.989            0                         963                       3.0000000000E+000         1.3000000000E+001         0.0000000000E+000         1.8907082235E+000         1.9346451303E+000         4.8174993694E+002         4.9543974991E+002         1.9732355599E+000         2.4094205943E+000         
2018-08-31                21:48:40.296              242.57546640              5821.811194               243.57546640              1535752120.297            0                         963                       2.0000000000E+000         1.3000000000E+001         0.0000000000E+000         1.8813622510E+000         1.9346451303E+000         4.8174993694E+002         4.9543974991E+002         1.9732355599E+000         2.4094205943E+000         
2018-08-31                21:48:59.237              242.57568562              5821.816455               243.57568562              1535752139.238            0                         963                       1.0000000000E+000         1.3000000000E+001         0.0000000000E+000         1.8813622510E+000         1.9346451303E+000         9.2245011215E+002         4.9543974991E+002         1.9732355599E+000         2.4094205943E+000         
2018-08-31                21:49:02.717              242.57572590              5821.817422               243.57572590              1535752142.718            0                         963                       3.0000000000E+000         1.3000000000E+001         0.0000000000E+000         1.8813622510E+000         1.9314120015E+000         9.2245011215E+002         9.5246353087E+002         2.1098208913E+000         2.5665963419E+000         
2018-08-31                21:49:06.338              242.57576781              5821.818427               243.57576781              1535752146.339            0                         963                       2.0000000000E+000         1.3000000000E+001         0.0000000000E+000         1.8798032393E+000         1.9314120015E+000         9.2245011215E+002         9.5246353087E+002         2.1098208913E+000         2.5665963419E+000         
2018-08-31                21:49:25.986              242.57599522              5821.823885               243.57599522              1535752165.987            0                         963                       1.0000000000E+000         1.3000000000E+001         0.0000000000E+000         1.8798032393E+000         1.9314120015E+000         8.4620691234E+002         9.5246353087E+002         2.1098208913E+000         2.5665963419E+000         
2018-08-31                21:49:29.421              242.57603498              5821.824839               243.57603498              1535752169.422            0                         963                       3.0000000000E+000         1.3000000000E+001         0.0000000000E+000         1.8798032393E+000         1.9314367838E+000         8.4620691234E+002         8.7463572649E+002         2.1023840128E+000         2.5580667850E+000         
2018-08-31                21:49:33.341              242.57608034              5821.825928               243.57608034              1535752173.341            0                         963                       2.0000000000E+000         1.3000000000E+001         0.0000000000E+000         1.8788943862E+000         1.9314367838E+000         8.4620691234E+002         8.7463572649E+002         2.1023840128E+000         2.5580667850E+000         
2018-08-31                21:49:53.651              242.57631542              5821.831570               243.57631542              1535752193.652            0                         963                       1.0000000000E+000         1.3000000000E+001         0.0000000000E+000         1.8788943862E+000         1.9314367838E+000         7.4079571523E+002         8.7463572649E+002         2.1023840128E+000         2.5580667850E+000         
2018-08-31                21:49:57.092              242.57635523              5821.832526               243.57635523              1535752197.092            0                         963                       3.0000000000E+000         1.3000000000E+001         0.0000000000E+000         1.8788943862E+000         1.9303381159E+000         7.4079571523E+002         7.6560356762E+002         2.0966996941E+000         2.5515450918E+000         
2018-08-31                21:50:00.921              242.57639955              5821.833589               243.57639955              1535752200.921            0                         963                       2.0000000000E+000         1.3000000000E+001         0.0000000000E+000         1.8783127048E+000         1.9303381159E+000         7.4079571523E+002         7.6560356762E+002         2.0966996941E+000         2.5515450918E+000         
2018-08-31                21:50:21.259              242.57663494              5821.839239               243.57663494              1535752221.259            0                         963                       1.0000000000E+000         1.3000000000E+001         0.0000000000E+000         1.8783127048E+000         1.9303381159E+000         6.6574480087E+002         7.6560356762E+002         2.0966996941E+000         2.5515450918E+000         
2018-08-31                21:50:24.642              242.57667411              5821.840179               243.57667411              1535752224.643            0                         963                       3.0000000000E+000         1.3000000000E+001         0.0000000000E+000         1.8783127048E+000         1.9295741128E+000         6.6574480087E+002         6.8796710214E+002         2.0891342710E+000         2.5428622303E+000         
2018-08-31                21:50:28.417              242.57671780              5821.841227               243.57671780              1535752228.418            0                         963                       2.0000000000E+000         1.3000000000E+001         0.0000000000E+000         1.8778957874E+000         1.9295741128E+000         6.6574480087E+002         6.8796710214E+002         2.0891342710E+000         2.5428622303E+000         
2018-08-31                21:50:48.859              242.57695440              5821.846906               243.57695440              1535752248.860            0                         963                       1.0000000000E+000         1.3000000000E+001         0.0000000000E+000         1.8778957874E+000         1.9295741128E+000         6.1348340694E+002         6.8796710214E+002         2.0891342710E+000         2.5428622303E+000         
2018-08-31                21:50:52.210              242.57699318              5821.847836               243.57699318              1535752252.211            0                         963                       3.0000000000E+000         1.3000000000E+001         0.0000000000E+000         1.8778957874E+000         1.9289663628E+000         6.1348340694E+002         6.3388943718E+002         2.0824039998E+000         2.5351350386E+000         
2018-08-31                21:50:55.786              242.57703456              5821.848829               243.57703456              1535752255.786            0                         963                       2.0000000000E+000         1.3000000000E+001         0.0000000000E+000         1.8785981529E+000         1.9289663628E+000         6.1348340694E+002         6.3388943718E+002         2.0824039998E+000         2.5351350386E+000         
2018-08-31                21:51:15.427              242.57726189              5821.854285               243.57726189              1535752275.427            0                         963                       1.0000000000E+000         1.3000000000E+001         0.0000000000E+000         1.8785981529E+000         1.9289663628E+000         5.7720030672E+002         6.3388943718E+002         2.0824039998E+000         2.5351350386E+000         
2018-08-31                21:51:18.772              242.57730060              5821.855214               243.57730060              1535752278.772            0                         963                       3.0000000000E+000         1.3000000000E+001         0.0000000000E+000         1.8785981529E+000         1.9295199891E+000         5.7720030672E+002         5.9633630553E+002         2.0757666420E+000         2.5275119041E+000         
2018-08-31                21:51:22.144              242.57733964              5821.856151               243.57733964              1535752282.145            0                         963                       2.0000000000E+000         1.3297297297E+001         0.0000000000E+000         1.8790728449E+000         1.9295199891E+000         5.7720030672E+002         5.9633630553E+002         2.0757666420E+000         2.5275119041E+000         
2018-08-31                21:51:40.986              242.57755771              5821.861385               243.57755771              1535752300.986            0                         963                       1.0000000000E+000         1.6000000000E+001         0.0000000000E+000         1.8790728449E+000         1.9295199891E+000         5.1890297137E+002         5.9633630553E+002         2.0757666420E+000         2.5275119041E+000         
2018-08-31                21:51:44.380              242.57759699              5821.862328               243.57759699              1535752304.380            0                         963                       3.0000000000E+000         1.6000000000E+001         0.0000000000E+000         1.8790728449E+000         1.9242493473E+000         5.1890297137E+002         5.3415904257E+002         1.6252571372E+000         2.0038646521E+000         
2018-08-31                21:51:48.332              242.57764274              5821.863426               243.57764274              1535752308.333            0                         963                       2.0000000000E+000         1.6000000000E+001         0.0000000000E+000         1.8885346976E+000         1.9242493473E+000         5.1890297137E+002         5.3415904257E+002         1.6252571372E+000         2.0038646521E+000         
2018-08-31                21:52:08.648              242.57787788              5821.869069               243.57787788              1535752328.649            0                         963                       1.0000000000E+000         1.6000000000E+001         0.0000000000E+000         1.8885346976E+000         1.9242493473E+000         4.7557471884E+002         5.3415904257E+002         1.6252571372E+000         2.0038646521E+000         
2018-08-31                21:52:12.023              242.57791694              5821.870007               243.57791694              1535752332.024            0                         963                       3.0000000000E+000         1.6000000000E+001         0.0000000000E+000         1.8885346976E+000         1.9283088515E+000         4.7557471884E+002         4.8782150896E+002         1.6232996744E+000         2.0015619654E+000         
2018-08-31                21:52:15.605              242.57795840              5821.871002               243.57795840              1535752335.606            0                         963                       2.0000000000E+000         1.5909090909E+001         0.0000000000E+000         1.8887785118E+000         1.9283088515E+000         4.7557471884E+002         4.8782150896E+002         1.6232996744E+000         2.0015619654E+000         
2018-08-31                21:52:35.247              242.57818574              5821.876458               243.57818574              1535752355.248            0                         963                       1.0000000000E+000         1.4000000000E+001         0.0000000000E+000         1.8887785118E+000         1.9283088515E+000         6.3264662502E+002         4.8782150896E+002         1.6232996744E+000         2.0015619654E+000         
2018-08-31                21:52:38.687              242.57822554              5821.877413               243.57822554              1535752358.687            0                         963                       3.0000000000E+000         1.4000000000E+001         0.0000000000E+000         1.8887785118E+000         1.9335718753E+000         6.3264662502E+002         6.5099402718E+002         2.0280868447E+000         2.4726740457E+000         
2018-08-31                21:52:42.861              242.57827387              5821.878573               243.57827387              1535752362.862            0                         963                       2.0000000000E+000         1.4000000000E+001         0.0000000000E+000         1.8734099983E+000         1.9335718753E+000         6.3264662502E+002         6.5099402718E+002         2.0280868447E+000         2.4726740457E+000         
2018-08-31                21:53:03.911              242.57851749              5821.884420               243.57851749              1535752383.911            0                         963                       1.0000000000E+000         1.4000000000E+001         0.0000000000E+000         1.8734099983E+000         1.9335718753E+000         8.8730565341E+002         6.5099402718E+002         2.0280868447E+000         2.4726740457E+000         
2018-08-31                21:53:06.444              242.57854681              5821.885123               243.57854681              1535752386.444            0                         963                       3.0000000000E+000         1.4000000000E+001         0.0000000000E+000         1.8734099983E+000         1.9230838350E+000         8.8730565341E+002         9.1608025026E+002         2.0415902618E+000         2.4882183941E+000         
2018-08-31                21:53:08.010              242.57856494              5821.885559               243.57856494              1535752388.011            0                         963                       2.0000000000E+000         1.4000000000E+001         0.0000000000E+000         1.8750386459E+000         1.9230838350E+000         8.8730565341E+002         9.1608025026E+002         2.0415902618E+000         2.4882183941E+000         
2018-08-31                21:53:08.927              242.57857554              5821.885813               243.57857554              1535752388.927            0                         963                       1.0000000000E+000         1.4000000000E+001         0.0000000000E+000         1.8750386459E+000         1.9230838350E+000         8.0134563561E+002         9.1608025026E+002         2.0415902618E+000         2.4882183941E+000         
2018-08-31                21:53:12.460              242.57861645              5821.886795               243.57861645              1535752392.461            0                         963                       3.0000000000E+000         1.4000000000E+001         0.0000000000E+000         1.8750386459E+000         1.9248799576E+000         8.0134563561E+002         8.2739767486E+002         2.0380135054E+000         2.4841020957E+000         
2018-08-31                21:53:16.022              242.57865766              5821.887784               243.57865766              1535752396.022            0                         963                       2.0000000000E+000         1.4000000000E+001         0.0000000000E+000         1.8757759885E+000         1.9248799576E+000         8.0134563561E+002         8.2739767486E+002         2.0380135054E+000         2.4841020957E+000         
2018-08-31                21:53:35.625              242.57888456              5821.893229               243.57888456              1535752415.626            0                         963                       1.0000000000E+000         1.4000000000E+001         0.0000000000E+000         1.8757759885E+000         1.9248799576E+000         7.4448831609E+002         8.2739767486E+002         2.0380135054E+000         2.4841020957E+000         
2018-08-31                21:53:39.013              242.57892377              5821.894171               243.57892377              1535752419.014            0                         963                       3.0000000000E+000         1.4000000000E+001         0.0000000000E+000         1.8757759885E+000         1.9253618646E+000         7.4448831609E+002         7.6855821354E+002         2.0196305989E+000         2.4629341813E+000         
2018-08-31                21:53:42.296              242.57896176              5821.895082               243.57896176              1535752422.296            0                         963                       2.0000000000E+000         1.4000000000E+001         0.0000000000E+000         1.8771037657E+000         1.9253618646E+000         7.4448831609E+002         7.6855821354E+002         2.0196305989E+000         2.4629341813E+000         
2018-08-31                21:54:01.209              242.57918066              5821.900336               243.57918066              1535752441.209            0                         963                       1.0000000000E+000         1.4000000000E+001         0.0000000000E+000         1.8771037657E+000         1.9253618646E+000         6.7185881827E+002         7.6855821354E+002         2.0196305989E+000         2.4629341813E+000         
2018-08-31                21:54:04.637              242.57922034              5821.901288               243.57922034              1535752444.637            0                         963                       3.0000000000E+000         1.4000000000E+001         0.0000000000E+000         1.8771037657E+000         1.9263362016E+000         6.7185881827E+002         6.9341023372E+002         2.0069949748E+000         2.4483725835E+000         
2018-08-31                21:54:08.200              242.57926157              5821.902278               243.57926157              1535752448.200            0                         963                       2.0000000000E+000         1.4000000000E+001         0.0000000000E+000         1.8783147608E+000         1.9263362016E+000         6.7185881827E+002         6.9341023372E+002         2.0069949748E+000         2.4483725835E+000         
2018-08-31                21:54:27.828              242.57948876              5821.907730               243.57948876              1535752467.829            0                         963                       1.0000000000E+000         1.4000000000E+001         0.0000000000E+000         1.8783147608E+000         1.9263362016E+000         6.1981717916E+002         6.9341023372E+002         2.0069949748E+000         2.4483725835E+000         
2018-08-31                21:54:31.173              242.57952747              5821.908659               243.57952747              1535752471.173            0                         963                       3.0000000000E+000         1.4000000000E+001         0.0000000000E+000         1.8783147608E+000         1.9272368303E+000         6.1981717916E+002         6.3956098002E+002         1.9923279181E+000         2.4314579537E+000         
2018-08-31                21:54:32.759              242.57954583              5821.909100               243.57954583              1535752472.760            0                         963                       2.0000000000E+000         1.4000000000E+001         0.0000000000E+000         1.8787888085E+000         1.9272368303E+000         6.1981717916E+002         6.3956098002E+002         1.9923279181E+000         2.4314579537E+000         
2018-08-31                21:54:33.703              242.57955675              5821.909362               243.57955675              1535752473.703            0                         963                       1.0000000000E+000         1.4000000000E+001         0.0000000000E+000         1.8787888085E+000         1.9272368303E+000         5.9467765531E+002         6.3956098002E+002         1.9923279181E+000         2.4314579537E+000         
2018-08-31                21:54:37.148              242.57959662              5821.910319               243.57959662              1535752477.148            0                         963                       3.0000000000E+000         1.4000000000E+001         0.0000000000E+000         1.8787888085E+000         1.9274838647E+000         5.9467765531E+002         6.1352787534E+002         1.9878898196E+000         2.4263372265E+000         
2018-08-31                21:54:40.815              242.57963906              5821.911338               243.57963906              1535752480.815            0                         963                       2.0000000000E+000         1.4000000000E+001         0.0000000000E+000         1.8792735791E+000         1.9274838647E+000         5.9467765531E+002         6.1352787534E+002         1.9878898196E+000         2.4263372265E+000         
2018-08-31                21:55:00.398              242.57986572              5821.916777               243.57986572              1535752500.398            0                         963                       1.0000000000E+000         1.4000000000E+001         0.0000000000E+000         1.8792735791E+000         1.9274838647E+000         5.7600090436E+002         6.1352787534E+002         1.9878898196E+000         2.4263372265E+000         
2018-08-31                21:55:03.769              242.57990473              5821.917714               243.57990473              1535752503.769            0                         963                       3.0000000000E+000         1.4000000000E+001         0.0000000000E+000         1.8792735791E+000         1.9277581278E+000         5.7600090436E+002         5.9417537637E+002         1.9745278596E+000         2.4109129215E+000         
2018-08-31                21:55:05.380              242.57992338              5821.918161               243.57992338              1535752505.380            0                         963                       2.0000000000E+000         1.4000000000E+001         0.0000000000E+000         1.8796419899E+000         1.9277581278E+000         5.7600090436E+002         5.9417537637E+002         1.9745278596E+000         2.4109129215E+000         
2018-08-31                21:55:06.322              242.57993428              5821.918423               243.57993428              1535752506.322            0                         963                       1.0000000000E+000         1.4000000000E+001         0.0000000000E+000         1.8796419899E+000         1.9277581278E+000         5.5974416281E+002         5.9417537637E+002         1.9745278596E+000         2.4109129215E+000         
2018-08-31                21:55:09.861              242.57997525              5821.919406               243.57997525              1535752509.862            0                         963                       3.0000000000E+000         1.4000000000E+001         0.0000000000E+000         1.8796419899E+000         1.9279347435E+000         5.5974416281E+002         5.7733227976E+002         1.9718228040E+000         2.4077890516E+000         
2018-08-31                21:55:13.359              242.58001574              5821.920378               243.58001574              1535752513.360            0                         963                       2.0000000000E+000         1.4054545455E+001         0.0000000000E+000         1.8796101301E+000         1.9279347435E+000         5.5974416281E+002         5.7733227976E+002         1.9718228040E+000         2.4077890516E+000         
2018-08-31                21:55:33.013              242.58024322              5821.925837               243.58024322              1535752533.014            0                         963                       1.0000000000E+000         1.6000000000E+001         0.0000000000E+000         1.8796101301E+000         1.9279347435E+000         5.5042133666E+002         5.7733227976E+002         1.9718228040E+000         2.4077890516E+000         
2018-08-31                21:55:36.417              242.58028262              5821.926783               243.58028262              1535752536.418            0                         963                       3.0000000000E+000         1.6000000000E+001         0.0000000000E+000         1.8796101301E+000         1.9238709583E+000         5.5042133666E+002         5.6627115483E+002         1.6534954568E+000         2.0370561499E+000         
2018-08-31                21:55:40.319              242.58032777              5821.927866               243.58032777              1535752540.319            0                         963                       2.0000000000E+000         1.6000000000E+001         0.0000000000E+000         1.8879585503E+000         1.9238709583E+000         5.5042133666E+002         5.6627115483E+002         1.6534954568E+000         2.0370561499E+000         
2018-08-31                21:56:00.651              242.58056309              5821.933514               243.58056309              1535752560.651            0                         963                       1.0000000000E+000         1.6000000000E+001         0.0000000000E+000         1.8879585503E+000         1.9238709583E+000         4.7628488320E+002         5.6627115483E+002         1.6534954568E+000         2.0370561499E+000         
2018-08-31                21:56:03.989              242.58060172              5821.934441               243.58060172              1535752563.989            0                         963                       3.0000000000E+000         1.6000000000E+001         0.0000000000E+000         1.8879585503E+000         1.9280819300E+000         4.7628488320E+002         4.8866153252E+002         1.6240263487E+000         2.0024168265E+000         
2018-08-31                21:56:07.628              242.58064385              5821.935452               243.58064385              1535752567.629            0                         963                       2.0000000000E+000         1.6000000000E+001         0.0000000000E+000         1.8879839194E+000         1.9280819300E+000         4.7628488320E+002         4.8866153252E+002         1.6240263487E+000         2.0024168265E+000         
2018-08-31                21:56:27.217              242.58087058              5821.940894               243.58087058              1535752587.218            0                         963                       1.0000000000E+000         1.6000000000E+001         0.0000000000E+000         1.8879839194E+000         1.9280819300E+000         4.7415088486E+002         4.8866153252E+002         1.6240263487E+000         2.0024168265E+000         
2018-08-31                21:56:30.594              242.58090965              5821.941832               243.58090965              1535752590.594            0                         963                       3.0000000000E+000         1.5035714286E+001         0.0000000000E+000         1.8879839194E+000         1.9279061789E+000         4.7415088486E+002         4.8641009686E+002         1.6373300062E+000         2.0180613565E+000         
2018-08-31                21:56:34.178              242.58095115              5821.942827               243.58095115              1535752594.179            0                         963                       2.0000000000E+000         1.5000000000E+001         0.0000000000E+000         1.8874409661E+000         1.9279061789E+000         4.7415088486E+002         4.8641009686E+002         1.6373300062E+000         2.0180613565E+000         
2018-08-31                21:56:53.812              242.58117838              5821.948281               243.58117838              1535752613.812            0                         963                       1.0000000000E+000         1.5000000000E+001         0.0000000000E+000         1.8874409661E+000         1.9279061789E+000         8.1372785624E+002         4.8641009686E+002         1.6373300062E+000         2.0180613565E+000         
2018-08-31                21:56:57.240              242.58121807              5821.949234               243.58121807              1535752617.241            0                         963                       3.0000000000E+000         1.5000000000E+001         0.0000000000E+000         1.8874409661E+000         1.9327195468E+000         8.1372785624E+002         8.3759965100E+002         2.0554223956E+000         2.5041299111E+000         
2018-08-31                21:57:01.450              242.58126679              5821.950403               243.58126679              1535752621.451            0                         963                       2.0000000000E+000         1.5000000000E+001         0.0000000000E+000         1.8395318395E+000         1.9327195468E+000         8.1372785624E+002         8.3759965100E+002         2.0554223956E+000         2.5041299111E+000         
2018-08-31                21:57:22.509              242.58151053              5821.956253               243.58151053              1535752642.510            0                         963                       1.0000000000E+000         1.5000000000E+001         0.0000000000E+000         1.8395318395E+000         1.9327195468E+000         1.0342290878E+003         8.3759965100E+002         2.0554223956E+000         2.5041299111E+000         
2018-08-31                21:57:25.187              242.58154152              5821.956996               243.58154152              1535752645.187            0                         963                       3.0000000000E+000         1.5000000000E+001         0.0000000000E+000         1.8395318395E+000         1.8888983868E+000         1.0342290878E+003         1.0681752373E+003         2.0623641544E+000         2.5121109479E+000         
2018-08-31                21:57:26.776              242.58155992              5821.957438               243.58155992              1535752646.777            0                         963                       2.0000000000E+000         1.5000000000E+001         0.0000000000E+000         1.8505054939E+000         1.8888983868E+000         1.0342290878E+003         1.0681752373E+003         2.0623641544E+000         2.5121109479E+000         
2018-08-31                21:57:27.707              242.58157069              5821.957697               243.58157069              1535752647.708            0                         963                       1.0000000000E+000         1.5000000000E+001         0.0000000000E+000         1.8505054939E+000         1.8888983868E+000         9.2688790297E+002         1.0681752373E+003         2.0623641544E+000         2.5121109479E+000         
2018-08-31                21:57:31.119              242.58161019              5821.958644               243.58161019              1535752651.120            0                         963                       3.0000000000E+000         1.5000000000E+001         0.0000000000E+000         1.8505054939E+000         1.9002170391E+000         9.2688790297E+002         9.5734181149E+002         2.0595075434E+000         2.5088270081E+000         
2018-08-31                21:57:34.515              242.58164948              5821.959588               243.58164948              1535752654.515            0                         963                       2.0000000000E+000         1.5000000000E+001         0.0000000000E+000         1.8527278852E+000         1.9002170391E+000         9.2688790297E+002         9.5734181149E+002         2.0595075434E+000         2.5088270081E+000         
2018-08-31                21:57:53.388              242.58186793              5821.964830               243.58186793              1535752673.389            0                         963                       1.0000000000E+000         1.5000000000E+001         0.0000000000E+000         1.8527278852E+000         1.9002170391E+000         8.5270940086E+002         9.5734181149E+002         2.0595075434E+000         2.5088270081E+000         
2018-08-31                21:57:56.858              242.58190808              5821.965794               243.58190808              1535752676.858            0                         963                       3.0000000000E+000         1.5000000000E+001         0.0000000000E+000         1.8527278852E+000         1.9024776298E+000         8.5270940086E+002         8.8071397347E+002         2.0606266775E+000         2.5101136143E+000         
2018-08-31                21:58:00.398              242.58194905              5821.966777               243.58194905              1535752680.398            0                         963                       2.0000000000E+000         1.5000000000E+001         0.0000000000E+000         1.8590468576E+000         1.9024776298E+000         8.5270940086E+002         8.8071397347E+002         2.0606266775E+000         2.5101136143E+000         
2018-08-31                21:58:20.035              242.58217633              5821.972232               243.58217633              1535752700.035            0                         963                       1.0000000000E+000         1.5000000000E+001         0.0000000000E+000         1.8590468576E+000         1.9024776298E+000         7.5602552744E+002         8.8071397347E+002         2.0606266775E+000         2.5101136143E+000         
2018-08-31                21:58:23.380              242.58221505              5821.973161               243.58221505              1535752703.380            0                         963                       3.0000000000E+000         1.5000000000E+001         0.0000000000E+000         1.8590468576E+000         1.9089596351E+000         7.5602552744E+002         7.8085151089E+002         2.0589724524E+000         2.5082118175E+000         
2018-08-31                21:58:26.635              242.58225273              5821.974066               243.58225273              1535752706.636            0                         963                       2.0000000000E+000         1.5000000000E+001         0.0000000000E+000         1.8644523067E+000         1.9089596351E+000         7.5602552744E+002         7.8085151089E+002         2.0589724524E+000         2.5082118175E+000         
2018-08-31                21:58:45.559              242.58247175              5821.979322               243.58247175              1535752725.559            0                         963                       1.0000000000E+000         1.5000000000E+001         0.0000000000E+000         1.8644523067E+000         1.9089596351E+000         6.8949616075E+002         7.8085151089E+002         2.0589724524E+000         2.5082118175E+000         
2018-08-31                21:58:48.987              242.58251144              5821.980274               243.58251144              1535752728.988            0                         963                       3.0000000000E+000         1.5000000000E+001         0.0000000000E+000         1.8644523067E+000         1.9144077748E+000         6.8949616075E+002         7.1209108923E+002         2.0524016801E+000         2.5006560606E+000         
2018-08-31                21:58:50.575              242.58252980              5821.980715               243.58252980              1535752730.575            0                         963                       2.0000000000E+000         1.5000000000E+001         0.0000000000E+000         1.8678131025E+000         1.9144077748E+000         6.8949616075E+002         7.1209108923E+002         2.0524016801E+000         2.5006560606E+000         
2018-08-31                21:58:51.506              242.58254058              5821.980974               243.58254058              1535752731.506            0                         963                       1.0000000000E+000         1.5000000000E+001         0.0000000000E+000         1.8678131025E+000         1.9144077748E+000         6.5860325215E+002         7.1209108923E+002         2.0524016801E+000         2.5006560606E+000         
2018-08-31                21:58:55.043              242.58258153              5821.981957               243.58258153              1535752735.044            0                         963                       3.0000000000E+000         1.5000000000E+001         0.0000000000E+000         1.8678131025E+000         1.9177937474E+000         6.5860325215E+002         6.8015779881E+002         2.0537718805E+000         2.5022318706E+000         
2018-08-31                21:58:58.334              242.58261961              5821.982871               243.58261961              1535752738.334            0                         963                       2.0000000000E+000         1.5000000000E+001         0.0000000000E+000         1.8684846426E+000         1.9177937474E+000         6.5860325215E+002         6.8015779881E+002         2.0537718805E+000         2.5022318706E+000         
2018-08-31                21:59:17.213              242.58283811              5821.988115               243.58283811              1535752757.213            0                         963                       1.0000000000E+000         1.5000000000E+001         0.0000000000E+000         1.8684846426E+000         1.9177937474E+000         6.3630380687E+002         6.8015779881E+002         2.0537718805E+000         2.5022318706E+000         
2018-08-31                21:59:20.684              242.58287829              5821.989079               243.58287829              1535752760.684            0                         963                       3.0000000000E+000         1.5000000000E+001         0.0000000000E+000         1.8684846426E+000         1.9184730583E+000         6.3630380687E+002         6.5712429096E+002         2.0515844403E+000         2.4997161343E+000         
2018-08-31                21:59:24.127              242.58291814              5821.990035               243.58291814              1535752764.127            0                         963                       2.0000000000E+000         1.5123893805E+001         0.0000000000E+000         1.8707410764E+000         1.9184730583E+000         6.3630380687E+002         6.5712429096E+002         2.0515844403E+000         2.4997161343E+000         
2018-08-31                21:59:43.822              242.58314609              5821.995506               243.58314609              1535752783.822            0                         963                       1.0000000000E+000         1.6000000000E+001         0.0000000000E+000         1.8707410764E+000         1.9184730583E+000         5.6158299528E+002         6.5712429096E+002         2.0515844403E+000         2.4997161343E+000         
2018-08-31                21:59:47.209              242.58318529              5821.996447               243.58318529              1535752787.209            0                         963                       3.0000000000E+000         1.6000000000E+001         0.0000000000E+000         1.8707410764E+000         1.9152678292E+000         5.6158299528E+002         5.7792870673E+002         1.6131443373E+000         1.9896116974E+000         
2018-08-31                21:59:50.776              242.58322657              5821.997438               243.58322657              1535752790.776            0                         963                       2.0000000000E+000         1.6000000000E+001         0.0000000000E+000         1.8879692126E+000         1.9152678292E+000         5.6158299528E+002         5.7792870673E+002         1.6131443373E+000         1.9896116974E+000         
2018-08-31                22:00:10.401              242.58345372              5822.002889               243.58345372              1535752810.401            0                         963                       1.0000000000E+000         1.6000000000E+001         0.0000000000E+000         1.8879692126E+000         1.9152678292E+000         5.1016947692E+002         5.7792870673E+002         1.6131443373E+000         1.9896116974E+000         
2018-08-31                22:00:13.776              242.58349278              5822.003827               243.58349278              1535752813.776            0                         963                       3.0000000000E+000         1.6000000000E+001         0.0000000000E+000         1.8879692126E+000         1.9273764559E+000         5.1016947692E+002         5.2318973340E+002         1.6069593941E+000         1.9823303687E+000         
2018-08-31                22:00:15.352              242.58351103              5822.004265               243.58351103              1535752815.353            0                         963                       2.0000000000E+000         1.6000000000E+001         0.0000000000E+000         1.8879445424E+000         1.9273764559E+000         5.1016947692E+002         5.2318973340E+002         1.6069593941E+000         1.9823303687E+000         
2018-08-31                22:00:16.288              242.58352185              5822.004524               243.58352185              1535752816.288            0                         963                       1.0000000000E+000         1.6000000000E+001         0.0000000000E+000         1.8879445424E+000         1.9273764559E+000         5.1241605417E+002         5.2318973340E+002         1.6069593941E+000         1.9823303687E+000         
2018-08-31                22:00:19.834              242.58356289              5822.005509               243.58356289              1535752819.834            0                         963                       3.0000000000E+000         1.6000000000E+001         0.0000000000E+000         1.8879445424E+000         1.9272792297E+000         5.1241605417E+002         5.2546971684E+002         1.6073684137E+000         1.9828119690E+000         
2018-08-31                22:00:23.119              242.58360093              5822.006422               243.58360093              1535752823.120            0                         963                       2.0000000000E+000         1.6000000000E+001         0.0000000000E+000         1.8885871273E+000         1.9272792297E+000         5.1241605417E+002         5.2546971684E+002         1.6073684137E+000         1.9828119690E+000         
2018-08-31                22:00:41.977              242.58381919              5822.011661               243.58381919              1535752841.978            0                         963                       1.0000000000E+000         1.6000000000E+001         0.0000000000E+000         1.8885871273E+000         1.9272792297E+000         5.1306003274E+002         5.2546971684E+002         1.6073684137E+000         1.9828119690E+000         
2018-08-31                22:00:45.436              242.58385921              5822.012621               243.58385921              1535752845.436            0                         963                       3.0000000000E+000         1.6000000000E+001         0.0000000000E+000         1.8885871273E+000         1.9279931447E+000         5.1306003274E+002         5.2614936464E+002         1.6116031945E+000         1.9877975886E+000         
2018-08-31                22:00:48.711              242.58389713              5822.013531               243.58389713              1535752848.712            0                         963                       2.0000000000E+000         1.6000000000E+001         0.0000000000E+000         1.8881464300E+000         1.9279931447E+000         5.1306003274E+002         5.2614936464E+002         1.6116031945E+000         1.9877975886E+000         
2018-08-31                22:01:07.608              242.58411583              5822.018780               243.58411583              1535752867.608            0                         963                       1.0000000000E+000         1.6000000000E+001         0.0000000000E+000         1.8881464300E+000         1.9279931447E+000         5.2820550512E+002         5.2614936464E+002         1.6116031945E+000         1.9877975886E+000         
2018-08-31                22:01:11.065              242.58415586              5822.019741               243.58415586              1535752871.066            0                         963                       3.0000000000E+000         1.6000000000E+001         0.0000000000E+000         1.8881464300E+000         1.9275407864E+000         5.2820550512E+002         5.4168038842E+002         1.6071707970E+000         1.9825792865E+000         
2018-08-31                22:01:14.930              242.58420058              5822.020814               243.58420058              1535752874.930            0                         963                       2.0000000000E+000         1.6000000000E+001         0.0000000000E+000         1.8879509941E+000         1.9275407864E+000         5.2820550512E+002         5.4168038842E+002         1.6071707970E+000         1.9825792865E+000         
2018-08-31                22:01:35.289              242.58443622              5822.026469               243.58443622              1535752895.289            0                         963                       1.0000000000E+000         1.6000000000E+001         0.0000000000E+000         1.8879509941E+000         1.9275407864E+000         5.2476633976E+002         5.4168038842E+002         1.6071707970E+000         1.9825792865E+000         
2018-08-31                22:01:38.628              242.58447486              5822.027397               243.58447486              1535752898.628            0                         963                       3.0000000000E+000         1.6000000000E+001         0.0000000000E+000         1.8879509941E+000         1.9274410419E+000         5.2476633976E+002         5.3818742633E+002         1.6196027555E+000         1.9972123835E+000         
2018-08-31                22:01:42.240              242.58451668              5822.028400               243.58451668              1535752902.241            0                         963                       2.0000000000E+000         1.6000000000E+001         0.0000000000E+000         1.8874540882E+000         1.9274410419E+000         5.2476633976E+002         5.3818742633E+002         1.6196027555E+000         1.9972123835E+000         
2018-08-31                22:02:01.851              242.58474366              5822.033848               243.58474366              1535752921.852            0                         963                       1.0000000000E+000         1.6000000000E+001         0.0000000000E+000         1.8874540882E+000         1.9274410419E+000         5.3024779530E+002         5.3818742633E+002         1.6196027555E+000         1.9972123835E+000         
2018-08-31                22:02:05.278              242.58478331              5822.034799               243.58478331              1535752925.278            0                         963                       3.0000000000E+000         1.6000000000E+001         0.0000000000E+000         1.8874540882E+000         1.9270482399E+000         5.3024779530E+002         5.4384843854E+002         1.6163487469E+000         1.9933831861E+000         
2018-08-31                22:02:08.571              242.58482142              5822.035714               243.58482142              1535752928.571            0                         963                       2.0000000000E+000         1.6000000000E+001         0.0000000000E+000         1.8879793257E+000         1.9270482399E+000         5.3024779530E+002         5.4384843854E+002         1.6163487469E+000         1.9933831861E+000         
2018-08-31                22:02:27.427              242.58503968              5822.040952               243.58503968              1535752947.428            0                         963                       1.0000000000E+000         1.6000000000E+001         0.0000000000E+000         1.8879793257E+000         1.9270482399E+000         5.3370314882E+002         5.4384843854E+002         1.6163487469E+000         1.9933831861E+000         
2018-08-31                22:02:30.778              242.58507845              5822.041883               243.58507845              1535752950.778            0                         963                       3.0000000000E+000         1.6000000000E+001         0.0000000000E+000         1.8879793257E+000         1.9274444975E+000         5.3370314882E+002         5.4734398630E+002         1.6083820496E+000         1.9840054294E+000         
2018-08-31                22:02:34.596              242.58512265              5822.042944               243.58512265              1535752954.597            0                         963                       2.0000000000E+000         1.6000000000E+001         0.0000000000E+000         1.8884745274E+000         1.9274444975E+000         5.3370314882E+002         5.4734398630E+002         1.6083820496E+000         1.9840054294E+000         
2018-08-31                22:02:55.039              242.58535925              5822.048622               243.58535925              1535752975.039            0                         963                       1.0000000000E+000         1.6000000000E+001         0.0000000000E+000         1.8884745274E+000         1.9274444975E+000         5.3258451685E+002         5.4734398630E+002         1.6083820496E+000         1.9840054294E+000         
2018-08-31                22:02:58.427              242.58539846              5822.049563               243.58539846              1535752978.427            0                         963                       3.0000000000E+000         1.6000000000E+001         0.0000000000E+000         1.8884745274E+000         1.9279297059E+000         5.3258451685E+002         5.4618974153E+002         1.6147180311E+000         1.9914639667E+000         
2018-08-31                22:03:02.289              242.58544317              5822.050636               243.58544317              1535752982.290            0                         963                       2.0000000000E+000         1.6000000000E+001         0.0000000000E+000         1.8880622930E+000         1.9279297059E+000         5.3258451685E+002         5.4618974153E+002         1.6147180311E+000         1.9914639667E+000         
2018-08-31                22:03:22.674              242.58567910              5822.056298               243.58567910              1535753002.674            0                         963                       1.0000000000E+000         1.6000000000E+001         0.0000000000E+000         1.8880622930E+000         1.9279297059E+000         5.2874156834E+002         5.4618974153E+002         1.6147180311E+000         1.9914639667E+000         
2018-08-31                22:03:26.065              242.58571836              5822.057241               243.58571836              1535753006.066            0                         963                       3.0000000000E+000         1.6000000000E+001         0.0000000000E+000         1.8880622930E+000         1.9277309464E+000         5.2874156834E+002         5.4232473888E+002         1.6261833514E+000         2.0049541314E+000         
2018-08-31                22:03:29.957              242.58576339              5822.058321               243.58576339              1535753009.957            0                         963                       2.0000000000E+000         1.6000000000E+001         0.0000000000E+000         1.8869879077E+000         1.9277309464E+000         5.2874156834E+002         5.4232473888E+002         1.6261833514E+000         2.0049541314E+000         
2018-08-31                22:03:50.276              242.58599858              5822.063966               243.58599858              1535753030.277            0                         963                       1.0000000000E+000         1.6000000000E+001         0.0000000000E+000         1.8869879077E+000         1.9277309464E+000         5.2560270720E+002         5.4232473888E+002         1.6261833514E+000         2.0049541314E+000         
2018-08-31                22:03:53.657              242.58603770              5822.064905               243.58603770              1535753033.657            0                         963                       3.0000000000E+000         1.6000000000E+001         0.0000000000E+000         1.8869879077E+000         1.9267867571E+000         5.2560270720E+002         5.3915731992E+002         1.6269652998E+000         2.0058738726E+000         
2018-08-31                22:03:57.563              242.58608292              5822.065990               243.58608292              1535753037.564            0                         963                       2.0000000000E+000         1.6000000000E+001         0.0000000000E+000         1.8869692130E+000         1.9267867571E+000         5.2560270720E+002         5.3915731992E+002         1.6269652998E+000         2.0058738726E+000         
2018-08-31                22:04:17.871              242.58631796              5822.071631               243.58631796              1535753057.872            0                         963                       1.0000000000E+000         1.6000000000E+001         0.0000000000E+000         1.8869692130E+000         1.9267867571E+000         5.2248829623E+002         5.3915731992E+002         1.6269652998E+000         2.0058738726E+000         
2018-08-31                22:04:21.203              242.58635652              5822.072556               243.58635652              1535753061.203            0                         963                       3.0000000000E+000         1.6000000000E+001         0.0000000000E+000         1.8869692130E+000         1.9267632686E+000         5.2248829623E+002         5.3596110140E+002         1.6258306247E+000         2.0045392355E+000         
2018-08-31                22:04:25.426              242.58640539              5822.073729               243.58640539              1535753065.426            0                         963                       2.0000000000E+000         1.6000000000E+001         0.0000000000E+000         1.8857092696E+000         1.9267632686E+000         5.2248829623E+002         5.3596110140E+002         1.6258306247E+000         2.0045392355E+000         
2018-08-31                22:04:46.476              242.58664903              5822.079577               243.58664903              1535753086.476            0                         963                       1.0000000000E+000         1.6000000000E+001         0.0000000000E+000         1.8857092696E+000         1.9267632686E+000         5.1989218006E+002         5.3596110140E+002         1.6258306247E+000         2.0045392355E+000         
2018-08-31                22:04:49.792              242.58668742              5822.080498               243.58668742              1535753089.793            0                         963                       3.0000000000E+000         1.6000000000E+001         0.0000000000E+000         1.8857092696E+000         1.9254329145E+000         5.1989218006E+002         5.3328324965E+002         1.6234480664E+000         2.0017365368E+000         
2018-08-31                22:04:51.391              242.58670593              5822.080942               243.58670593              1535753091.392            0                         963                       2.0000000000E+000         1.6000000000E+001         0.0000000000E+000         1.8858039175E+000         1.9254329145E+000         5.1989218006E+002         5.3328324965E+002         1.6234480664E+000         2.0017365368E+000         
2018-08-31                22:04:52.342              242.58671693              5822.081206               243.58671693              1535753092.343            0                         963                       1.0000000000E+000         1.6000000000E+001         0.0000000000E+000         1.8858039175E+000         1.9254329145E+000         5.1881965099E+002         5.3328324965E+002         1.6234480664E+000         2.0017365368E+000         
2018-08-31                22:04:55.884              242.58675793              5822.082190               243.58675793              1535753095.885            0                         963                       3.0000000000E+000         1.6000000000E+001         0.0000000000E+000         1.8858039175E+000         1.9254445779E+000         5.1881965099E+002         5.3215448223E+002         1.6190128807E+000         1.9965182904E+000         
