DATE                      TIME                      FRAC_DAYS_SINCE_JAN1      FRAC_HRS_SINCE_JAN1       JULIAN_DAYS               EPOCH_TIME                ALARM_STATUS              INST_STATUS               species                   MPVPosition               solenoid_valves           CH4                       CH4_dry                   CO2                       CO2_dry                   H2O                       h2o_reported              
2018-08-02                22:38:17.092              213.60992005              5126.638081               214.60992005              1533249497.092            0                         963                       1.0000000000E+000         1.0000000000E+000         0.0000000000E+000         1.8476928143E+000         1.8946406603E+000         8.9969956914E+002         9.5434841337E+002         1.9897336895E+000         2.4284648472E+000         
2018-08-02                22:38:20.632              213.60996103              5126.639065               214.60996103              1533249500.633            0                         963                       3.0000000000E+000         1.0000000000E+000         0.0000000000E+000         1.8476928143E+000         1.8955587868E+000         8.9969956914E+002         9.2820464819E+002         1.9886067469E+000         2.4271645051E+000         
2018-08-02                22:38:22.233              213.60997956              5126.639509               214.60997956              1533249502.234            0                         963                       2.0000000000E+000         1.0000000000E+000         0.0000000000E+000         1.8485423080E+000         1.8955587868E+000         8.9969956914E+002         9.2820464819E+002         1.9886067469E+000         2.4271645051E+000         
2018-08-02                22:38:23.181              213.60999053              5126.639773               214.60999053              1533249503.182            0                         963                       1.0000000000E+000         1.0000000000E+000         0.0000000000E+000         1.8485423080E+000         1.8955587868E+000         8.7635787678E+002         9.2820464819E+002         1.9886067469E+000         2.4271645051E+000         
2018-08-02                22:38:26.727              213.61003157              5126.640758               214.61003157              1533249506.728            0                         963                       3.0000000000E+000         1.0000000000E+000         0.0000000000E+000         1.8485423080E+000         1.8964243649E+000         8.7635787678E+002         9.0411998537E+002         1.9892532327E+000         2.4279104731E+000         
2018-08-02                22:38:28.302              213.61004979              5126.641195               214.61004979              1533249508.302            0                         963                       2.0000000000E+000         1.0000000000E+000         0.0000000000E+000         1.8491162711E+000         1.8964243649E+000         8.7635787678E+002         9.0411998537E+002         1.9892532327E+000         2.4279104731E+000         
2018-08-02                22:38:29.250              213.61006076              5126.641458               214.61006076              1533249509.250            0                         963                       1.0000000000E+000         1.0000000000E+000         0.0000000000E+000         1.8491162711E+000         1.8964243649E+000         8.5519750093E+002         9.0411998537E+002         1.9892532327E+000         2.4279104731E+000         
2018-08-02                22:38:32.796              213.61010182              5126.642444               214.61010182              1533249512.797            0                         963                       3.0000000000E+000         1.0000000000E+000         0.0000000000E+000         1.8491162711E+000         1.8970579941E+000         8.5519750093E+002         8.8231464346E+002         1.9922399392E+000         2.4313564542E+000         
2018-08-02                22:38:34.361              213.61011992              5126.642878               214.61011992              1533249514.361            0                         963                       2.0000000000E+000         1.0000000000E+000         0.0000000000E+000         1.8499792719E+000         1.8970579941E+000         8.5519750093E+002         8.8231464346E+002         1.9922399392E+000         2.4313564542E+000         
2018-08-02                22:38:35.318              213.61013100              5126.643144               214.61013100              1533249515.318            0                         963                       1.0000000000E+000         1.0000000000E+000         0.0000000000E+000         1.8499792719E+000         1.8970579941E+000         8.3597397791E+002         8.8231464346E+002         1.9922399392E+000         2.4313564542E+000         
2018-08-02                22:38:38.861              213.61017201              5126.644128               214.61017201              1533249518.862            0                         963                       3.0000000000E+000         1.0000000000E+000         0.0000000000E+000         1.8499792719E+000         1.8979567634E+000         8.3597397791E+002         8.6248898064E+002         1.9903388215E+000         2.4291630578E+000         
2018-08-02                22:38:40.473              213.61019067              5126.644576               214.61019067              1533249520.474            0                         963                       2.0000000000E+000         1.0000000000E+000         0.0000000000E+000         1.8504960459E+000         1.8979567634E+000         8.3597397791E+002         8.6248898064E+002         1.9903388215E+000         2.4291630578E+000         
2018-08-02                22:38:41.411              213.61020152              5126.644836               214.61020152              1533249521.411            0                         963                       1.0000000000E+000         1.0000000000E+000         0.0000000000E+000         1.8504960459E+000         1.8979567634E+000         8.1829503287E+002         8.6248898064E+002         1.9903388215E+000         2.4291630578E+000         
2018-08-02                22:38:44.956              213.61024255              5126.645821               214.61024255              1533249524.956            0                         963                       3.0000000000E+000         1.0000000000E+000         0.0000000000E+000         1.8504960459E+000         1.8984868386E+000         8.1829503287E+002         8.4424924908E+002         1.9922317660E+000         2.4313470248E+000         
2018-08-02                22:38:46.528              213.61026074              5126.646258               214.61026074              1533249526.528            0                         963                       2.0000000000E+000         1.0000000000E+000         0.0000000000E+000         1.8511189619E+000         1.8984868386E+000         8.1829503287E+002         8.4424924908E+002         1.9922317660E+000         2.4313470248E+000         
2018-08-02                22:38:47.483              213.61027179              5126.646523               214.61027179              1533249527.483            0                         963                       1.0000000000E+000         1.0000000000E+000         0.0000000000E+000         1.8511189619E+000         1.8984868386E+000         8.0200502163E+002         8.4424924908E+002         1.9922317660E+000         2.4313470248E+000         
2018-08-02                22:38:51.022              213.61031275              5126.647506               214.61031275              1533249531.022            0                         963                       3.0000000000E+000         1.0000000000E+000         0.0000000000E+000         1.8511189619E+000         1.8991630452E+000         8.0200502163E+002         8.2746226369E+002         1.9933470033E+000         2.4326336191E+000         
2018-08-02                22:38:52.579              213.61033079              5126.647939               214.61033079              1533249532.580            0                         963                       2.0000000000E+000         1.0000000000E+000         0.0000000000E+000         1.8515298134E+000         1.8991630452E+000         8.0200502163E+002         8.2746226369E+002         1.9933470033E+000         2.4326336191E+000         
2018-08-02                22:38:53.503              213.61034148              5126.648196               214.61034148              1533249533.504            0                         963                       1.0000000000E+000         1.0000000000E+000         0.0000000000E+000         1.8515298134E+000         1.8991630452E+000         7.8705774567E+002         8.2746226369E+002         1.9933470033E+000         2.4326336191E+000         
2018-08-02                22:38:57.040              213.61038242              5126.649178               214.61038242              1533249537.041            0                         963                       3.0000000000E+000         1.0000000000E+000         0.0000000000E+000         1.8515298134E+000         1.8995657857E+000         7.8705774567E+002         8.1203075809E+002         1.9907113734E+000         2.4295929032E+000         
2018-08-02                22:38:58.605              213.61040052              5126.649613               214.61040052              1533249538.605            0                         963                       2.0000000000E+000         1.0000000000E+000         0.0000000000E+000         1.8522640324E+000         1.8995657857E+000         7.8705774567E+002         8.1203075809E+002         1.9907113734E+000         2.4295929032E+000         
2018-08-02                22:38:59.539              213.61041134              5126.649872               214.61041134              1533249539.540            0                         963                       1.0000000000E+000         1.0000000000E+000         0.0000000000E+000         1.8522640324E+000         1.8995657857E+000         7.7340366516E+002         8.1203075809E+002         1.9907113734E+000         2.4295929032E+000         
2018-08-02                22:39:03.086              213.61045240              5126.650857               214.61045240              1533249543.087            0                         963                       3.0000000000E+000         1.0000000000E+000         0.0000000000E+000         1.8522640324E+000         1.9003066115E+000         7.7340366516E+002         7.9793707751E+002         1.9923397190E+000         2.4314715682E+000         
2018-08-02                22:39:04.654              213.61047054              5126.651293               214.61047054              1533249544.655            0                         963                       2.0000000000E+000         1.0000000000E+000         0.0000000000E+000         1.8526453728E+000         1.9003066115E+000         7.7340366516E+002         7.9793707751E+002         1.9923397190E+000         2.4314715682E+000         
2018-08-02                22:39:05.608              213.61048157              5126.651558               214.61048157              1533249545.608            0                         963                       1.0000000000E+000         1.0000000000E+000         0.0000000000E+000         1.8526453728E+000         1.9003066115E+000         7.6086172854E+002         7.9793707751E+002         1.9923397190E+000         2.4314715682E+000         
2018-08-02                22:39:09.155              213.61052264              5126.652543               214.61052264              1533249549.156            0                         963                       3.0000000000E+000         1.0000000000E+000         0.0000000000E+000         1.8526453728E+000         1.9007175050E+000         7.6086172854E+002         7.8500718248E+002         1.9923027758E+000         2.4314289476E+000         
2018-08-02                22:39:10.737              213.61054095              5126.652983               214.61054095              1533249550.738            0                         963                       2.0000000000E+000         1.0000000000E+000         0.0000000000E+000         1.8531949960E+000         1.9007175050E+000         7.6086172854E+002         7.8500718248E+002         1.9923027758E+000         2.4314289476E+000         
2018-08-02                22:39:11.674              213.61055179              5126.653243               214.61055179              1533249551.675            0                         963                       1.0000000000E+000         1.0000000000E+000         0.0000000000E+000         1.8531949960E+000         1.9007175050E+000         7.4928778720E+002         7.8500718248E+002         1.9923027758E+000         2.4314289476E+000         
2018-08-02                22:39:15.207              213.61059269              5126.654224               214.61059269              1533249555.208            0                         963                       3.0000000000E+000         1.0000000000E+000         0.0000000000E+000         1.8531949960E+000         1.9012555924E+000         7.4928778720E+002         7.7305317639E+002         1.9902523794E+000         2.4290633210E+000         
2018-08-02                22:39:16.759              213.61061064              5126.654655               214.61061064              1533249556.759            0                         963                       2.0000000000E+000         1.0000000000E+000         0.0000000000E+000         1.8536460523E+000         1.9012555924E+000         7.4928778720E+002         7.7305317639E+002         1.9902523794E+000         2.4290633210E+000         
2018-08-02                22:39:17.697              213.61062150              5126.654916               214.61062150              1533249557.698            0                         963                       1.0000000000E+000         1.0000000000E+000         0.0000000000E+000         1.8536460523E+000         1.9012555924E+000         7.3863615315E+002         7.7305317639E+002         1.9902523794E+000         2.4290633210E+000         
2018-08-02                22:39:21.250              213.61066262              5126.655903               214.61066262              1533249561.250            0                         963                       3.0000000000E+000         1.0000000000E+000         0.0000000000E+000         1.8536460523E+000         1.9017245454E+000         7.3863615315E+002         7.6206672617E+002         1.9928042761E+000         2.4320075108E+000         
2018-08-02                22:39:22.799              213.61068054              5126.656333               214.61068054              1533249562.799            0                         963                       2.0000000000E+000         1.0000000000E+000         0.0000000000E+000         1.8542381492E+000         1.9017245454E+000         7.3863615315E+002         7.6206672617E+002         1.9928042761E+000         2.4320075108E+000         
2018-08-02                22:39:23.726              213.61069127              5126.656591               214.61069127              1533249563.726            0                         963                       1.0000000000E+000         1.0000000000E+000         0.0000000000E+000         1.8542381492E+000         1.9017245454E+000         7.2887163761E+002         7.6206672617E+002         1.9928042761E+000         2.4320075108E+000         
2018-08-02                22:39:27.253              213.61073209              5126.657570               214.61073209              1533249567.253            0                         963                       3.0000000000E+000         1.0000000000E+000         0.0000000000E+000         1.8542381492E+000         1.9023667610E+000         7.2887163761E+002         7.5200919984E+002         1.9930634118E+000         2.4323064606E+000         
2018-08-02                22:39:30.460              213.61076922              5126.658461               214.61076922              1533249570.461            0                         963                       2.0000000000E+000         1.0000000000E+000         0.0000000000E+000         1.8546334702E+000         1.9023667610E+000         7.2887163761E+002         7.5200919984E+002         1.9930634118E+000         2.4323064606E+000         
2018-08-02                22:39:49.438              213.61098888              5126.663733               214.61098888              1533249589.439            0                         963                       1.0000000000E+000         1.0000000000E+000         0.0000000000E+000         1.8546334702E+000         1.9023667610E+000         7.0757033707E+002         7.5200919984E+002         1.9930634118E+000         2.4323064606E+000         
2018-08-02                22:39:52.043              213.61101903              5126.664457               214.61101903              1533249592.044            0                         963                       3.0000000000E+000         1.0000000000E+000         0.0000000000E+000         1.8546334702E+000         1.9027491510E+000         7.0757033707E+002         7.3002086771E+002         1.9909292389E+000         2.4298442695E+000         
2018-08-02                22:39:53.628              213.61103737              5126.664897               214.61103737              1533249593.629            0                         963                       2.0000000000E+000         1.0000000000E+000         0.0000000000E+000         1.8552775492E+000         1.9027491510E+000         7.0757033707E+002         7.3002086771E+002         1.9909292389E+000         2.4298442695E+000         
2018-08-02                22:39:54.585              213.61104845              5126.665163               214.61104845              1533249594.586            0                         963                       1.0000000000E+000         1.0000000000E+000         0.0000000000E+000         1.8552775492E+000         1.9027491510E+000         6.8935694776E+002         7.3002086771E+002         1.9909292389E+000         2.4298442695E+000         
2018-08-02                22:39:58.141              213.61108961              5126.666151               214.61108961              1533249598.142            0                         963                       3.0000000000E+000         1.5482758621E+001         0.0000000000E+000         1.8552775492E+000         1.9033602112E+000         6.8935694776E+002         7.1120695734E+002         1.9890440418E+000         2.4276690943E+000         
2018-08-02                22:39:59.733              213.61110803              5126.666593               214.61110803              1533249599.734            0                         963                       2.0000000000E+000         1.6000000000E+001         0.0000000000E+000         1.8586767964E+000         1.9033602112E+000         6.8935694776E+002         7.1120695734E+002         1.9890440418E+000         2.4276690943E+000         
2018-08-02                22:40:00.660              213.61111875              5126.666850               214.61111875              1533249600.660            0                         963                       1.0000000000E+000         1.6000000000E+001         0.0000000000E+000         1.8586767964E+000         1.9033602112E+000         6.2863826972E+002         7.1120695734E+002         1.9890440418E+000         2.4276690943E+000         
2018-08-02                22:40:04.194              213.61115965              5126.667832               214.61115965              1533249604.194            0                         963                       3.0000000000E+000         1.6000000000E+001         0.0000000000E+000         1.8586767964E+000         1.9045250174E+000         6.2863826972E+002         6.4760184476E+002         1.8037818290E+000         2.2128618331E+000         
2018-08-02                22:40:05.772              213.61117792              5126.668270               214.61117792              1533249605.772            0                         963                       2.0000000000E+000         1.6000000000E+001         0.0000000000E+000         1.8652818779E+000         1.9045250174E+000         6.2863826972E+002         6.4760184476E+002         1.8037818290E+000         2.2128618331E+000         
2018-08-02                22:40:06.713              213.61118881              5126.668531               214.61118881              1533249606.713            0                         963                       1.0000000000E+000         1.6000000000E+001         0.0000000000E+000         1.8652818779E+000         1.9045250174E+000         5.3997484463E+002         6.4760184476E+002         1.8037818290E+000         2.2128618331E+000         
2018-08-02                22:40:10.236              213.61122959              5126.669510               214.61122959              1533249610.237            0                         963                       3.0000000000E+000         1.6000000000E+001         0.0000000000E+000         1.8652818779E+000         1.9088705828E+000         5.3997484463E+002         5.5540522323E+002         1.7931671804E+000         2.2004908730E+000         
2018-08-02                22:40:11.792              213.61124759              5126.669942               214.61124759              1533249611.792            0                         963                       2.0000000000E+000         1.6000000000E+001         0.0000000000E+000         1.8657588841E+000         1.9088705828E+000         5.3997484463E+002         5.5540522323E+002         1.7931671804E+000         2.2004908730E+000         
2018-08-02                22:40:12.723              213.61125837              5126.670201               214.61125837              1533249612.723            0                         963                       1.0000000000E+000         1.6000000000E+001         0.0000000000E+000         1.8657588841E+000         1.9088705828E+000         5.3685727167E+002         5.5540522323E+002         1.7931671804E+000         2.2004908730E+000         
2018-08-02                22:40:16.255              213.61129925              5126.671182               214.61129925              1533249616.255            0                         963                       3.0000000000E+000         1.6000000000E+001         0.0000000000E+000         1.8657588841E+000         1.9092279121E+000         5.3685727167E+002         5.5215247895E+002         1.7932157293E+000         2.2005474706E+000         
2018-08-02                22:40:17.835              213.61131755              5126.671621               214.61131755              1533249617.836            0                         963                       2.0000000000E+000         1.6000000000E+001         0.0000000000E+000         1.8656697606E+000         1.9092279121E+000         5.3685727167E+002         5.5215247895E+002         1.7932157293E+000         2.2005474706E+000         
2018-08-02                22:40:18.775              213.61132841              5126.671882               214.61132841              1533249618.775            0                         963                       1.0000000000E+000         1.6000000000E+001         0.0000000000E+000         1.8656697606E+000         1.9092279121E+000         5.3605202949E+002         5.5215247895E+002         1.7932157293E+000         2.2005474706E+000         
2018-08-02                22:40:22.315              213.61136939              5126.672865               214.61136939              1533249622.315            0                         963                       3.0000000000E+000         1.6000000000E+001         0.0000000000E+000         1.8656697606E+000         1.9091437211E+000         5.3605202949E+002         5.5132676052E+002         1.7937332461E+000         2.2011507761E+000         
2018-08-02                22:40:23.894              213.61138766              5126.673304               214.61138766              1533249623.894            0                         963                       2.0000000000E+000         1.6000000000E+001         0.0000000000E+000         1.8658417462E+000         1.9091437211E+000         5.3605202949E+002         5.5132676052E+002         1.7937332461E+000         2.2011507761E+000         
2018-08-02                22:40:24.823              213.61139843              5126.673562               214.61139843              1533249624.824            0                         963                       1.0000000000E+000         1.6000000000E+001         0.0000000000E+000         1.8658417462E+000         1.9091437211E+000         5.3555698151E+002         5.5132676052E+002         1.7937332461E+000         2.2011507761E+000         
2018-08-02                22:40:28.403              213.61143985              5126.674556               214.61143985              1533249628.403            0                         963                       3.0000000000E+000         1.6000000000E+001         0.0000000000E+000         1.8658417462E+000         1.9092959417E+000         5.3555698151E+002         5.5080925288E+002         1.7912960076E+000         2.1983093726E+000         
2018-08-02                22:40:29.974              213.61145804              5126.674993               214.61145804              1533249629.975            0                         963                       2.0000000000E+000         1.6000000000E+001         0.0000000000E+000         1.8654305453E+000         1.9092959417E+000         5.3555698151E+002         5.5080925288E+002         1.7912960076E+000         2.1983093726E+000         
2018-08-02                22:40:30.900              213.61146875              5126.675250               214.61146875              1533249630.900            0                         963                       1.0000000000E+000         1.6000000000E+001         0.0000000000E+000         1.8654305453E+000         1.9092959417E+000         5.3516938214E+002         5.5080925288E+002         1.7912960076E+000         2.1983093726E+000         
2018-08-02                22:40:34.463              213.61150999              5126.676240               214.61150999              1533249634.463            0                         963                       3.0000000000E+000         1.6000000000E+001         0.0000000000E+000         1.8654305453E+000         1.9088404231E+000         5.3516938214E+002         5.5039841370E+002         1.7909269055E+000         2.1978790307E+000         
2018-08-02                22:40:36.028              213.61152810              5126.676674               214.61152810              1533249636.028            0                         963                       2.0000000000E+000         1.6000000000E+001         0.0000000000E+000         1.8656629795E+000         1.9088404231E+000         5.3516938214E+002         5.5039841370E+002         1.7909269055E+000         2.1978790307E+000         
2018-08-02                22:40:36.964              213.61153895              5126.676935               214.61153895              1533249636.965            0                         963                       1.0000000000E+000         1.6000000000E+001         0.0000000000E+000         1.8656629795E+000         1.9088404231E+000         5.3485250207E+002         5.5039841370E+002         1.7909269055E+000         2.1978790307E+000         
2018-08-02                22:40:40.506              213.61157994              5126.677919               214.61157994              1533249640.507            0                         963                       3.0000000000E+000         1.6000000000E+001         0.0000000000E+000         1.8656629795E+000         1.9090704311E+000         5.3485250207E+002         5.5006976658E+002         1.7906631813E+000         2.1975715453E+000         
2018-08-02                22:40:42.078              213.61159814              5126.678355               214.61159814              1533249642.079            0                         963                       2.0000000000E+000         1.6000000000E+001         0.0000000000E+000         1.8656922487E+000         1.9090704311E+000         5.3485250207E+002         5.5006976658E+002         1.7906631813E+000         2.1975715453E+000         
2018-08-02                22:40:43.013              213.61160896              5126.678615               214.61160896              1533249643.014            0                         963                       1.0000000000E+000         1.6000000000E+001         0.0000000000E+000         1.8656922487E+000         1.9090704311E+000         5.3464572844E+002         5.5006976658E+002         1.7906631813E+000         2.1975715453E+000         
2018-08-02                22:40:46.552              213.61164992              5126.679598               214.61164992              1533249646.553            0                         963                       3.0000000000E+000         1.6000000000E+001         0.0000000000E+000         1.8656922487E+000         1.9091069901E+000         5.3464572844E+002         5.4985942841E+002         1.7914606820E+000         2.1985013664E+000         
2018-08-02                22:40:48.115              213.61166801              5126.680032               214.61166801              1533249648.116            0                         963                       2.0000000000E+000         1.6000000000E+001         0.0000000000E+000         1.8658757562E+000         1.9091069901E+000         5.3464572844E+002         5.4985942841E+002         1.7914606820E+000         2.1985013664E+000         
2018-08-02                22:40:49.040              213.61167872              5126.680289               214.61167872              1533249649.041            0                         963                       1.0000000000E+000         1.6000000000E+001         0.0000000000E+000         1.8658757562E+000         1.9091069901E+000         5.3445195577E+002         5.4985942841E+002         1.7914606820E+000         2.1985013664E+000         
2018-08-02                22:40:52.585              213.61171975              5126.681274               214.61171975              1533249652.586            0                         963                       3.0000000000E+000         1.6000000000E+001         0.0000000000E+000         1.8658757562E+000         1.9093070686E+000         5.3445195577E+002         5.4966445510E+002         1.7916565639E+000         2.1987297428E+000         
2018-08-02                22:40:54.154              213.61173789              5126.681709               214.61173789              1533249654.154            0                         963                       2.0000000000E+000         1.6000000000E+001         0.0000000000E+000         1.8655596879E+000         1.9093070686E+000         5.3445195577E+002         5.4966445510E+002         1.7916565639E+000         2.1987297428E+000         
2018-08-02                22:40:55.086              213.61174869              5126.681969               214.61174869              1533249655.087            0                         963                       1.0000000000E+000         1.6000000000E+001         0.0000000000E+000         1.8655596879E+000         1.9093070686E+000         5.3419385882E+002         5.4966445510E+002         1.7916565639E+000         2.1987297428E+000         
2018-08-02                22:40:58.615              213.61178954              5126.682949               214.61178954              1533249658.616            0                         963                       3.0000000000E+000         3.0000000000E+000         0.0000000000E+000         1.8655596879E+000         1.9089878990E+000         5.3419385882E+002         5.4940050354E+002         1.7918044194E+000         2.1989021242E+000         
2018-08-02                22:41:00.178              213.61180763              5126.683383               214.61180763              1533249660.179            0                         963                       2.0000000000E+000         3.0000000000E+000         0.0000000000E+000         1.8232537723E+000         1.9089878990E+000         5.3419385882E+002         5.4940050354E+002         1.7918044194E+000         2.1989021242E+000         
2018-08-02                22:41:01.124              213.61181856              5126.683646               214.61181856              1533249661.124            0                         963                       1.0000000000E+000         3.0000000000E+000         0.0000000000E+000         1.8232537723E+000         1.9089878990E+000         6.0561319580E+002         5.4940050354E+002         1.7918044194E+000         2.1989021242E+000         
2018-08-02                22:41:04.658              213.61185948              5126.684627               214.61185948              1533249664.659            0                         963                       3.0000000000E+000         3.0000000000E+000         0.0000000000E+000         1.8232537723E+000         1.8669909389E+000         6.0561319580E+002         6.2337901735E+002         1.8986634726E+000         2.3231354462E+000         
2018-08-02                22:41:06.244              213.61187784              5126.685068               214.61187784              1533249666.245            0                         963                       2.0000000000E+000         3.0000000000E+000         0.0000000000E+000         1.5727969492E+000         1.8669909389E+000         6.0561319580E+002         6.2337901735E+002         1.8986634726E+000         2.3231354462E+000         
2018-08-02                22:41:07.216              213.61188907              5126.685338               214.61188907              1533249667.216            0                         963                       1.0000000000E+000         3.0000000000E+000         0.0000000000E+000         1.5727969492E+000         1.8669909389E+000         9.2361464529E+002         6.2337901735E+002         1.8986634726E+000         2.3231354462E+000         
2018-08-02                22:41:10.769              213.61193021              5126.686325               214.61193021              1533249670.770            0                         963                       3.0000000000E+000         3.0000000000E+000         0.0000000000E+000         1.5727969492E+000         1.6121906921E+000         9.2361464529E+002         9.5190603779E+002         1.9508137000E+000         2.3835122076E+000         
2018-08-02                22:41:12.342              213.61194840              5126.686762               214.61194840              1533249672.342            0                         963                       2.0000000000E+000         3.0000000000E+000         0.0000000000E+000         1.5664228326E+000         1.6121906921E+000         9.2361464529E+002         9.5190603779E+002         1.9508137000E+000         2.3835122076E+000         
2018-08-02                22:41:13.269              213.61195913              5126.687019               214.61195913              1533249673.269            0                         963                       1.0000000000E+000         3.0000000000E+000         0.0000000000E+000         1.5664228326E+000         1.6121906921E+000         9.3381785721E+002         9.5190603779E+002         1.9508137000E+000         2.3835122076E+000         
2018-08-02                22:41:16.801              213.61200001              5126.688000               214.61200001              1533249676.801            0                         963                       3.0000000000E+000         3.0000000000E+000         0.0000000000E+000         1.5664228326E+000         1.6062221947E+000         9.3381785721E+002         9.6283442315E+002         1.9528113924E+000         2.3858217624E+000         
2018-08-02                22:41:18.378              213.61201826              5126.688438               214.61201826              1533249678.378            0                         963                       2.0000000000E+000         3.0000000000E+000         0.0000000000E+000         1.5768151880E+000         1.6062221947E+000         9.3381785721E+002         9.6283442315E+002         1.9528113924E+000         2.3858217624E+000         
2018-08-02                22:41:19.296              213.61202890              5126.688694               214.61202890              1533249679.297            0                         963                       1.0000000000E+000         3.0000000000E+000         0.0000000000E+000         1.5768151880E+000         1.6062221947E+000         9.1904560057E+002         9.6283442315E+002         1.9528113924E+000         2.3858217624E+000         
2018-08-02                22:41:22.834              213.61206984              5126.689676               214.61206984              1533249682.834            0                         963                       3.0000000000E+000         3.0000000000E+000         0.0000000000E+000         1.5768151880E+000         1.6169551820E+000         9.1904560057E+002         9.4765780745E+002         1.9581038535E+000         2.3919392746E+000         
2018-08-02                22:41:24.407              213.61208806              5126.690113               214.61208806              1533249684.408            0                         963                       2.0000000000E+000         3.0000000000E+000         0.0000000000E+000         1.5931606278E+000         1.6169551820E+000         9.1904560057E+002         9.4765780745E+002         1.9581038535E+000         2.3919392746E+000         
2018-08-02                22:41:25.342              213.61209888              5126.690373               214.61209888              1533249685.343            0                         963                       1.0000000000E+000         3.0000000000E+000         0.0000000000E+000         1.5931606278E+000         1.6169551820E+000         8.9625141433E+002         9.4765780745E+002         1.9581038535E+000         2.3919392746E+000         
2018-08-02                22:41:28.880              213.61213981              5126.691356               214.61213981              1533249688.880            0                         963                       3.0000000000E+000         3.0000000000E+000         0.0000000000E+000         1.5931606278E+000         1.6337543566E+000         8.9625141433E+002         9.2417990954E+002         1.9563568171E+000         2.3899200761E+000         
2018-08-02                22:41:30.469              213.61215821              5126.691797               214.61215821              1533249690.469            0                         963                       2.0000000000E+000         3.0000000000E+000         0.0000000000E+000         1.6096659541E+000         1.6337543566E+000         8.9625141433E+002         9.2417990954E+002         1.9563568171E+000         2.3899200761E+000         
2018-08-02                22:41:31.411              213.61216912              5126.692059               214.61216912              1533249691.412            0                         963                       1.0000000000E+000         3.0000000000E+000         0.0000000000E+000         1.6096659541E+000         1.6337543566E+000         8.7364846829E+002         9.2417990954E+002         1.9563568171E+000         2.3899200761E+000         
2018-08-02                22:41:34.953              213.61221010              5126.693043               214.61221010              1533249694.953            0                         963                       3.0000000000E+000         3.0000000000E+000         0.0000000000E+000         1.6096659541E+000         1.6506280458E+000         8.7364846829E+002         9.0083793462E+002         1.9532375758E+000         2.3863144467E+000         
2018-08-02                22:41:36.512              213.61222815              5126.693476               214.61222815              1533249696.512            0                         963                       2.0000000000E+000         3.0000000000E+000         0.0000000000E+000         1.6242068450E+000         1.6506280458E+000         8.7364846829E+002         9.0083793462E+002         1.9532375758E+000         2.3863144467E+000         
2018-08-02                22:41:37.434              213.61223882              5126.693732               214.61223882              1533249697.434            0                         963                       1.0000000000E+000         3.0000000000E+000         0.0000000000E+000         1.6242068450E+000         1.6506280458E+000         8.5372189647E+002         9.0083793462E+002         1.9532375758E+000         2.3863144467E+000         
2018-08-02                22:41:40.967              213.61227972              5126.694713               214.61227972              1533249700.968            0                         963                       3.0000000000E+000         3.0000000000E+000         0.0000000000E+000         1.6242068450E+000         1.6655210134E+000         8.5372189647E+002         8.8027965732E+002         1.9546976677E+000         2.3880022858E+000         
2018-08-02                22:41:42.540              213.61229793              5126.695150               214.61229793              1533249702.541            0                         963                       2.0000000000E+000         3.0000000000E+000         0.0000000000E+000         1.6375672537E+000         1.6655210134E+000         8.5372189647E+002         8.8027965732E+002         1.9546976677E+000         2.3880022858E+000         
2018-08-02                22:41:43.479              213.61230878              5126.695411               214.61230878              1533249703.479            0                         963                       1.0000000000E+000         3.0000000000E+000         0.0000000000E+000         1.6375672537E+000         1.6655210134E+000         8.3542644637E+002         8.8027965732E+002         1.9546976677E+000         2.3880022858E+000         
2018-08-02                22:41:47.056              213.61235020              5126.696405               214.61235020              1533249707.057            0                         963                       3.0000000000E+000         3.0000000000E+000         0.0000000000E+000         1.6375672537E+000         1.6791402974E+000         8.3542644637E+002         8.6136448767E+002         1.9458172601E+000         2.3777347140E+000         
2018-08-02                22:41:48.723              213.61236949              5126.696868               214.61236949              1533249708.724            0                         963                       2.0000000000E+000         3.0000000000E+000         0.0000000000E+000         1.6506553723E+000         1.6791402974E+000         8.3542644637E+002         8.6136448767E+002         1.9458172601E+000         2.3777347140E+000         
2018-08-02                22:41:49.668              213.61238043              5126.697130               214.61238043              1533249709.669            0                         963                       1.0000000000E+000         3.0000000000E+000         0.0000000000E+000         1.6506553723E+000         1.6791402974E+000         8.1783597230E+002         8.6136448767E+002         1.9458172601E+000         2.3777347140E+000         
2018-08-02                22:41:53.210              213.61242141              5126.698114               214.61242141              1533249713.210            0                         963                       3.0000000000E+000         3.0000000000E+000         0.0000000000E+000         1.6506553723E+000         1.6924960654E+000         8.1783597230E+002         8.4318866551E+002         1.9488203061E+000         2.3812073827E+000         
2018-08-02                22:41:54.789              213.61243970              5126.698553               214.61243970              1533249714.790            0                         963                       2.0000000000E+000         3.0000000000E+000         0.0000000000E+000         1.6625329089E+000         1.6924960654E+000         8.1783597230E+002         8.4318866551E+002         1.9488203061E+000         2.3812073827E+000         
2018-08-02                22:41:55.746              213.61245076              5126.698818               214.61245076              1533249715.746            0                         963                       1.0000000000E+000         3.0000000000E+000         0.0000000000E+000         1.6625329089E+000         1.6924960654E+000         8.0184693620E+002         8.4318866551E+002         1.9488203061E+000         2.3812073827E+000         
2018-08-02                22:41:59.292              213.61249182              5126.699804               214.61249182              1533249719.293            0                         963                       3.0000000000E+000         3.0000000000E+000         0.0000000000E+000         1.6625329089E+000         1.7047097054E+000         8.0184693620E+002         8.2672466346E+002         1.9489802513E+000         2.3813923252E+000         
2018-08-02                22:42:00.858              213.61250994              5126.700239               214.61250994              1533249720.859            0                         963                       2.0000000000E+000         3.0000000000E+000         0.0000000000E+000         1.6733414451E+000         1.7047097054E+000         8.0184693620E+002         8.2672466346E+002         1.9489802513E+000         2.3813923252E+000         
2018-08-02                22:42:01.796              213.61252079              5126.700499               214.61252079              1533249721.796            0                         963                       1.0000000000E+000         3.0000000000E+000         0.0000000000E+000         1.6733414451E+000         1.7047097054E+000         7.8689771741E+002         8.2672466346E+002         1.9489802513E+000         2.3813923252E+000         
2018-08-02                22:42:05.341              213.61256182              5126.701484               214.61256182              1533249725.341            0                         963                       3.0000000000E+000         3.0000000000E+000         0.0000000000E+000         1.6733414451E+000         1.7157757082E+000         7.8689771741E+002         8.1130200049E+002         1.9473190851E+000         2.3794714655E+000         
2018-08-02                22:42:06.915              213.61258005              5126.701921               214.61258005              1533249726.916            0                         963                       2.0000000000E+000         3.0000000000E+000         0.0000000000E+000         1.6833295769E+000         1.7157757082E+000         7.8689771741E+002         8.1130200049E+002         1.9473190851E+000         2.3794714655E+000         
2018-08-02                22:42:07.852              213.61259089              5126.702181               214.61259089              1533249727.853            0                         963                       1.0000000000E+000         3.0000000000E+000         0.0000000000E+000         1.6833295769E+000         1.7157757082E+000         7.7304409438E+002         8.1130200049E+002         1.9473190851E+000         2.3794714655E+000         
2018-08-02                22:42:11.388              213.61263181              5126.703163               214.61263181              1533249731.388            0                         963                       3.0000000000E+000         3.0000000000E+000         0.0000000000E+000         1.6833295769E+000         1.7260371840E+000         7.7304409438E+002         7.9703000892E+002         1.9507687662E+000         2.3834602564E+000         
2018-08-02                22:42:12.950              213.61264990              5126.703597               214.61264990              1533249732.951            0                         963                       2.0000000000E+000         3.0000000000E+000         0.0000000000E+000         1.6924012722E+000         1.7260371840E+000         7.7304409438E+002         7.9703000892E+002         1.9507687662E+000         2.3834602564E+000         
2018-08-02                22:42:13.900              213.61266088              5126.703861               214.61266088              1533249733.900            0                         963                       1.0000000000E+000         3.0000000000E+000         0.0000000000E+000         1.6924012722E+000         1.7260371840E+000         7.6014760218E+002         7.9703000892E+002         1.9507687662E+000         2.3834602564E+000         
2018-08-02                22:42:17.454              213.61270203              5126.704849               214.61270203              1533249737.455            0                         963                       3.0000000000E+000         3.0000000000E+000         0.0000000000E+000         1.6924012722E+000         1.7353406005E+000         7.6014760218E+002         7.8373422618E+002         1.9474577911E+000         2.3796318621E+000         
2018-08-02                22:42:20.717              213.61273978              5126.705755               214.61273978              1533249740.717            0                         963                       2.0000000000E+000         3.0000000000E+000         0.0000000000E+000         1.7012666065E+000         1.7353406005E+000         7.6014760218E+002         7.8373422618E+002         1.9474577911E+000         2.3796318621E+000         
2018-08-02                22:42:39.625              213.61295863              5126.711007               214.61295863              1533249759.626            0                         963                       1.0000000000E+000         3.0000000000E+000         0.0000000000E+000         1.7012666065E+000         1.7353406005E+000         7.3124804157E+002         7.8373422618E+002         1.9474577911E+000         2.3796318621E+000         
2018-08-02                22:42:42.214              213.61298860              5126.711726               214.61298860              1533249762.215            0                         963                       3.0000000000E+000         3.0000000000E+000         0.0000000000E+000         1.7012666065E+000         1.7443545669E+000         7.3124804157E+002         7.5389778324E+002         1.9440365230E+000         2.3756752447E+000         
2018-08-02                22:42:43.842              213.61300744              5126.712179               214.61300744              1533249763.843            0                         963                       2.0000000000E+000         3.0000000000E+000         0.0000000000E+000         1.7323195075E+000         1.7443545669E+000         7.3124804157E+002         7.5389778324E+002         1.9440365230E+000         2.3756752447E+000         
2018-08-02                22:42:44.767              213.61301815              5126.712436               214.61301815              1533249764.768            0                         963                       1.0000000000E+000         3.0000000000E+000         0.0000000000E+000         1.7323195075E+000         1.7443545669E+000         7.0634081836E+002         7.5389778324E+002         1.9440365230E+000         2.3756752447E+000         
2018-08-02                22:42:48.298              213.61305900              5126.713416               214.61305900              1533249768.298            0                         963                       3.0000000000E+000         3.0000000000E+000         0.0000000000E+000         1.7323195075E+000         1.7761061614E+000         7.0634081836E+002         7.2817525271E+002         1.9398503677E+000         2.3708330925E+000         
2018-08-02                22:42:49.980              213.61307847              5126.713883               214.61307847              1533249769.980            0                         963                       2.0000000000E+000         3.0000000000E+000         0.0000000000E+000         1.7383358107E+000         1.7761061614E+000         7.0634081836E+002         7.2817525271E+002         1.9398503677E+000         2.3708330925E+000         
2018-08-02                22:42:50.913              213.61308927              5126.714143               214.61308927              1533249770.913            0                         963                       1.0000000000E+000         3.0000000000E+000         0.0000000000E+000         1.7383358107E+000         1.7761061614E+000         6.9755485784E+002         7.2817525271E+002         1.9398503677E+000         2.3708330925E+000         
2018-08-02                22:42:54.448              213.61313020              5126.715125               214.61313020              1533249774.449            0                         963                       3.0000000000E+000         3.0000000000E+000         0.0000000000E+000         1.7383358107E+000         1.7822562376E+000         6.9755485784E+002         7.1910870973E+002         1.9424561217E+000         2.3738473088E+000         
2018-08-02                22:42:56.137              213.61314973              5126.715594               214.61314973              1533249776.137            0                         963                       2.0000000000E+000         3.0000000000E+000         0.0000000000E+000         1.7444148034E+000         1.7822562376E+000         6.9755485784E+002         7.1910870973E+002         1.9424561217E+000         2.3738473088E+000         
2018-08-02                22:42:57.095              213.61316082              5126.715860               214.61316082              1533249777.095            0                         963                       1.0000000000E+000         3.0000000000E+000         0.0000000000E+000         1.7444148034E+000         1.7822562376E+000         6.8950962494E+002         7.1910870973E+002         1.9424561217E+000         2.3738473088E+000         
2018-08-02                22:43:00.638              213.61320183              5126.716844               214.61320183              1533249780.638            0                         963                       3.0000000000E+000         3.0000000000E+000         0.0000000000E+000         1.7444148034E+000         1.7885082562E+000         6.8950962494E+002         7.1082429285E+002         1.9415230279E+000         2.3727679959E+000         
2018-08-02                22:43:03.894              213.61323951              5126.717748               214.61323951              1533249783.894            0                         963                       2.0000000000E+000         3.0000000000E+000         0.0000000000E+000         1.7498938830E+000         1.7885082562E+000         6.8950962494E+002         7.1082429285E+002         1.9415230279E+000         2.3727679959E+000         
2018-08-02                22:43:22.868              213.61345912              5126.723019               214.61345912              1533249802.868            0                         963                       1.0000000000E+000         3.0000000000E+000         0.0000000000E+000         1.7498938830E+000         1.7885082562E+000         6.7160192616E+002         7.1082429285E+002         1.9415230279E+000         2.3727679959E+000         
2018-08-02                22:43:25.470              213.61348924              5126.723742               214.61348924              1533249805.470            0                         963                       3.0000000000E+000         3.0000000000E+000         0.0000000000E+000         1.7498938830E+000         1.7939939522E+000         6.7160192616E+002         6.9230103996E+002         1.9311421277E+000         2.3607568269E+000         
2018-08-02                22:43:28.832              213.61352816              5126.724676               214.61352816              1533249808.833            0                         963                       2.0000000000E+000         3.0000000000E+000         0.0000000000E+000         1.7686337090E+000         1.7939939522E+000         6.7160192616E+002         6.9230103996E+002         1.9311421277E+000         2.3607568269E+000         
2018-08-02                22:43:47.709              213.61374663              5126.729919               214.61374663              1533249827.709            0                         963                       1.0000000000E+000         3.0000000000E+000         0.0000000000E+000         1.7686337090E+000         1.7939939522E+000         6.4806001518E+002         6.9230103996E+002         1.9311421277E+000         2.3607568269E+000         
2018-08-02                22:43:50.306              213.61377670              5126.730641               214.61377670              1533249830.307            0                         963                       3.0000000000E+000         3.0000000000E+000         0.0000000000E+000         1.7686337090E+000         1.8131062011E+000         6.4806001518E+002         6.6798875497E+002         1.9330440901E+000         2.3629579701E+000         
2018-08-02                22:43:53.611              213.61381494              5126.731559               214.61381494              1533249833.611            0                         963                       2.0000000000E+000         4.8738738739E+000         0.0000000000E+000         1.7831257527E+000         1.8131062011E+000         6.4806001518E+002         6.6798875497E+002         1.9330440901E+000         2.3629579701E+000         
2018-08-02                22:44:12.480              213.61403334              5126.736800               214.61403334              1533249852.481            0                         963                       1.0000000000E+000         1.6000000000E+001         0.0000000000E+000         1.7831257527E+000         1.8131062011E+000         5.8440838628E+002         6.6798875497E+002         1.9330440901E+000         2.3629579701E+000         
2018-08-02                22:44:14.130              213.61405243              5126.737258               214.61405243              1533249854.130            0                         963                       3.0000000000E+000         1.6000000000E+001         0.0000000000E+000         1.7831257527E+000         1.8262235060E+000         5.8440838628E+002         6.0168184658E+002         1.7848343672E+000         2.1907744276E+000         
2018-08-02                22:44:17.380              213.61409005              5126.738161               214.61409005              1533249857.380            0                         963                       2.0000000000E+000         1.6000000000E+001         0.0000000000E+000         1.8655709233E+000         1.8262235060E+000         5.8440838628E+002         6.0168184658E+002         1.7848343672E+000         2.1907744276E+000         
2018-08-02                22:44:36.289              213.61430891              5126.743414               214.61430891              1533249876.290            0                         963                       1.0000000000E+000         1.6000000000E+001         0.0000000000E+000         1.8655709233E+000         1.8262235060E+000         5.3343238940E+002         6.0168184658E+002         1.7848343672E+000         2.1907744276E+000         
2018-08-02                22:44:38.897              213.61433909              5126.744138               214.61433909              1533249878.897            0                         963                       3.0000000000E+000         1.6000000000E+001         0.0000000000E+000         1.8655709233E+000         1.9087125745E+000         5.3343238940E+002         5.4851695974E+002         1.7754577604E+000         2.1798357351E+000         
2018-08-02                22:44:42.190              213.61437720              5126.745053               214.61437720              1533249882.190            0                         963                       2.0000000000E+000         1.6000000000E+001         0.0000000000E+000         1.8657084037E+000         1.9087125745E+000         5.3343238940E+002         5.4851695974E+002         1.7754577604E+000         2.1798357351E+000         
2018-08-02                22:45:01.086              213.61459591              5126.750302               214.61459591              1533249901.087            0                         963                       1.0000000000E+000         1.6000000000E+001         0.0000000000E+000         1.8657084037E+000         1.9087125745E+000         5.3776582629E+002         5.4851695974E+002         1.7754577604E+000         2.1798357351E+000         
2018-08-02                22:45:03.674              213.61462586              5126.751021               214.61462586              1533249903.674            0                         963                       3.0000000000E+000         1.6000000000E+001         0.0000000000E+000         1.8657084037E+000         1.9084626771E+000         5.3776582629E+002         5.5283513238E+002         1.7532815964E+000         2.1539434707E+000         
2018-08-02                22:45:05.275              213.61464439              5126.751465               214.61464439              1533249905.275            0                         963                       2.0000000000E+000         1.6000000000E+001         0.0000000000E+000         1.8666566505E+000         1.9084626771E+000         5.3776582629E+002         5.5283513238E+002         1.7532815964E+000         2.1539434707E+000         
2018-08-02                22:45:06.224              213.61465538              5126.751729               214.61465538              1533249906.225            0                         963                       1.0000000000E+000         1.6000000000E+001         0.0000000000E+000         1.8666566505E+000         1.9084626771E+000         5.4063402363E+002         5.5283513238E+002         1.7532815964E+000         2.1539434707E+000         
2018-08-02                22:45:09.759              213.61469630              5126.752711               214.61469630              1533249909.760            0                         963                       3.0000000000E+000         1.6000000000E+001         0.0000000000E+000         1.8666566505E+000         1.9091157125E+000         5.4063402363E+002         5.5567133433E+002         1.7498457512E+000         2.1499291423E+000         
2018-08-02                22:45:13.121              213.61473520              5126.753645               214.61473520              1533249913.121            0                         963                       2.0000000000E+000         1.6000000000E+001         0.0000000000E+000         1.8665196113E+000         1.9091157125E+000         5.4063402363E+002         5.5567133433E+002         1.7498457512E+000         2.1499291423E+000         
2018-08-02                22:45:31.993              213.61495363              5126.758887               214.61495363              1533249931.994            0                         963                       1.0000000000E+000         1.6000000000E+001         0.0000000000E+000         1.8665196113E+000         1.9091157125E+000         5.4446441056E+002         5.5567133433E+002         1.7498457512E+000         2.1499291423E+000         
2018-08-02                22:45:34.575              213.61498352              5126.759604               214.61498352              1533249934.576            0                         963                       3.0000000000E+000         1.6000000000E+001         0.0000000000E+000         1.8665196113E+000         1.9087223972E+000         5.4446441056E+002         5.5951786472E+002         1.7328254040E+000         2.1300322935E+000         
2018-08-02                22:45:36.210              213.61500244              5126.760059               214.61500244              1533249936.211            0                         963                       2.0000000000E+000         1.6000000000E+001         0.0000000000E+000         1.8667736805E+000         1.9087223972E+000         5.4446441056E+002         5.5951786472E+002         1.7328254040E+000         2.1300322935E+000         
2018-08-02                22:45:37.148              213.61501330              5126.760319               214.61501330              1533249937.149            0                         963                       1.0000000000E+000         1.6000000000E+001         0.0000000000E+000         1.8667736805E+000         1.9087223972E+000         5.4725882418E+002         5.5951786472E+002         1.7328254040E+000         2.1300322935E+000         
2018-08-02                22:45:40.683              213.61505420              5126.761301               214.61505420              1533249940.683            0                         963                       3.0000000000E+000         1.6000000000E+001         0.0000000000E+000         1.8667736805E+000         1.9087483505E+000         5.4725882418E+002         5.6230561821E+002         1.7309397861E+000         2.1278268885E+000         
2018-08-02                22:45:42.246              213.61507230              5126.761735               214.61507230              1533249942.247            0                         963                       2.0000000000E+000         1.6000000000E+001         0.0000000000E+000         1.8668369527E+000         1.9087483505E+000         5.4725882418E+002         5.6230561821E+002         1.7309397861E+000         2.1278268885E+000         
2018-08-02                22:45:43.180              213.61508311              5126.761995               214.61508311              1533249943.181            0                         963                       1.0000000000E+000         1.6000000000E+001         0.0000000000E+000         1.8668369527E+000         1.9087483505E+000         5.4740402950E+002         5.6230561821E+002         1.7309397861E+000         2.1278268885E+000         
2018-08-02                22:45:46.709              213.61512395              5126.762975               214.61512395              1533249946.709            0                         963                       3.0000000000E+000         1.6000000000E+001         0.0000000000E+000         1.8668369527E+000         1.9087574542E+000         5.4740402950E+002         5.6243486264E+002         1.7283317115E+000         2.1247761377E+000         
2018-08-02                22:45:48.270              213.61514203              5126.763409               214.61514203              1533249948.271            0                         963                       2.0000000000E+000         1.6000000000E+001         0.0000000000E+000         1.8667817858E+000         1.9087574542E+000         5.4740402950E+002         5.6243486264E+002         1.7283317115E+000         2.1247761377E+000         
